10
291172003 291172002 1000000007 446392068
9000000000000000000 8000000000000000000 9223372036854775783 115831543078036282
234567890123456786 987654321098765432 1000000000000000003 456028077988264004
9223372036854775806 2 9223372036854775807 9223372036854775805
294967267 294967267 1000000007 992409480
999999999999999999 888888888888888888 1000000000000000033 777777777777778831
123456789 987654321 2147483647 2137109934
7 3 2147483646 21
999999937 999999937 1000000007 4900
9000000000000000000 9000000000000000000 9223372036854775783 2436153495176484763
