5000
254333177 1000000009
615398960 998244353
5025393 19491001
16761599 19491001
644876454 1000000009
38603383 998244353
10236560 19260817
9797307 19491001
2891367 19260817
63038360 998244353
27484912 1000000009
657941730 1000000009
16352262 19491001
454101824 1000000007
144567960 998244353
10382846 19260817
19121337 19491001
299808352 998244353
12104760 998244353
212935590 1000000007
86549634 1000000009
5044247 19491001
499593024 1000000009
8636338 998244353
6142271 19260817
14883762 19491001
10621399 19260817
13593108 19491001
1490475 1000000009
11779377 19491001
216954115 998244353
361273632 1000000009
293625606 1000000007
9053370 19491001
123186436 1000000007
31585269 998244353
12937526 19491001
279885375 1000000007
6766061 19260817
18328802 19491001
7908616 19260817
685425360 998244353
14617180 998244353
42608830 1000000009
412266484 1000000009
634974840 1000000007
369959590 1000000007
45054066 1000000007
507415600 1000000007
16090001 19491001
498341310 1000000009
6850212 19491001
12810793 19491001
58205238 1000000007
35461260 998244353
10759670 19491001
265730684 1000000007
6048893 19491001
2439475 19491001
3675979 19491001
11180867 19260817
6922093 19491001
100743355 1000000007
5560039 19260817
18957790 19260817
18464458 19491001
2282087 19491001
17856405 19260817
23578665 1000000009
25080593 998244353
3186275 998244353
2670512 19260817
64543897 998244353
13120963 19260817
17759950 19260817
16740280 19491001
55902472 1000000007
3652241 19260817
15359038 19260817
4394417 19260817
6697489 19260817
3372426 1000000007
42587892 1000000007
493172472 1000000007
372964047 998244353
6648373 19491001
123567866 1000000007
361620 19260817
3241039 19491001
6597848 19260817
666105000 1000000009
6903708 1000000007
196837200 998244353
11769295 19260817
18101686 19491001
174844620 1000000007
499271091 998244353
3555088 19491001
11291211 1000000009
108382680 1000000009
79747120 998244353
2397600 1000000007
859560 19260817
313449615 998244353
350218528 1000000009
29697827 1000000007
263428866 998244353
270421603 1000000009
16138738 19260817
223554228 1000000009
6396610 19491001
15738599 19491001
5056398 19491001
151960400 1000000009
15431265 19260817
233333333 998244353
6241756 19260817
11521475 19491001
9971212 19491001
3784935 19260817
127635534 998244353
87286173 998244353
387756255 1000000009
130177719 998244353
625670330 998244353
12419574 19491001
5507420 19491001
123594240 998244353
10040906 19260817
586028000 998244353
191419774 998244353
82417300 1000000007
17157511 19260817
2119548 19491001
14432007 19491001
14290500 19491001
5895682 19260817
471966822 1000000007
2161770 1000000007
15616224 1000000007
1884744 19491001
626619840 1000000007
174494940 998244353
250272351 998244353
10483440 19260817
9695027 19491001
19017483 19260817
208762196 998244353
176992200 998244353
6268889 19260817
515256 19260817
402119445 998244353
1803392 19260817
44872287 1000000009
15174349 19260817
358781577 1000000009
10791625 19491001
116811016 1000000009
8632430 19260817
664622420 998244353
10361456 19491001
17929809 19491001
226608224 1000000007
14918348 19260817
1088574 19260817
497193528 1000000009
310104711 998244353
233171861 1000000007
27690531 998244353
12687983 19260817
280064031 998244353
1515306 19260817
10610472 19491001
259725145 1000000009
57649096 1000000009
2402788 19260817
505769083 1000000009
533088 19491001
403425650 1000000007
130838565 1000000007
137261520 1000000007
8219345 19491001
182497000 1000000007
5001483 19491001
130448496 1000000007
78552840 1000000007
6964101 19491001
71796984 998244353
344758612 998244353
2743646 19260817
502280550 998244353
54606812 998244353
4443462 19491001
2432833 19491001
8987899 19260817
9061151 19260817
18016610 19491001
16765159 19260817
9816150 19260817
147305063 1000000009
644607495 1000000009
3657149 19491001
19343025 19491001
18888597 19491001
19085277 19260817
438558148 1000000009
2006368 998244353
180062624 1000000007
198843892 1000000009
131058225 1000000009
147721476 1000000009
17137577 19491001
5590673 19491001
688520325 1000000007
1553792 19491001
44329922 998244353
13362527 19491001
4827484 19260817
4838160 19491001
6134685 19491001
11178624 998244353
36349958 1000000007
101317100 1000000009
15829549 19260817
6313551 19491001
478662098 998244353
15985324 19491001
169507272 1000000009
271065897 1000000007
117748150 1000000007
17775653 19491001
3272111 1000000009
110104204 1000000009
227482112 998244353
10095932 19260817
9441029 19491001
11506969 19260817
277761834 1000000009
9589626 19260817
9367470 19491001
43738552 1000000007
774040729 1000000007
7995320 19491001
62137881 1000000007
80160570 998244353
591359064 998244353
6384574 1000000007
5018166 19491001
2223923 19260817
5100607 19260817
438887733 1000000007
15976176 19491001
36559865 1000000007
56691024 1000000009
5016843 19491001
388982620 1000000009
8900538 19491001
25777920 1000000007
18204005 19491001
114807280 1000000007
145626616 998244353
15150 998244353
9232909 19260817
140123445 1000000007
562547280 1000000009
4643701 19260817
14073282 19491001
160643650 1000000007
1700118 19260817
650082 19491001
3921743 19491001
17041816 19260817
199008216 998244353
456559624 1000000009
19075137 19260817
222024627 998244353
59842287 1000000007
7982064 19491001
759677375 998244353
653831397 1000000007
2579215 19491001
16455768 19491001
18384870 19260817
333412716 1000000009
8326377 19491001
10246928 19260817
450699390 1000000007
45212019 1000000009
340871064 1000000009
10930006 19260817
66741654 1000000009
3155387 19491001
13916885 19491001
46960950 998244353
304023675 998244353
2203269 19491001
18697726 1000000007
4404031 19491001
493402542 1000000009
2837960 19260817
6253128 998244353
836052 19260817
2521162 19260817
9196006 998244353
1567467 19491001
446000193 998244353
15265742 19260817
2536784 19260817
77210086 1000000007
509018016 1000000007
183927168 1000000007
547377356 998244353
708787 19491001
13239815 19260817
2222717 19491001
307889512 998244353
231494517 998244353
19390905 19491001
339291911 1000000007
3887265 19491001
6564244 19260817
6822524 19491001
32900126 1000000009
12303385 19491001
552361370 1000000007
17305757 19491001
153125120 1000000007
6943463 19491001
59948344 1000000009
9623522 19260817
18499137 19491001
123975356 1000000007
82996731 1000000009
10670373 19260817
16770000 998244353
15286923 19491001
11335541 19491001
14840257 19491001
350155176 1000000009
614255166 1000000007
554032008 1000000007
341312400 1000000007
9731696 19260817
549193 19491001
183550 19260817
8347278 19260817
360038400 1000000009
284171160 1000000009
18508977 19260817
19374999 19491001
151278336 1000000007
6335619 19491001
7734126 19260817
3579049 19491001
2655119 19491001
13215375 998244353
16088733 19260817
39146230 1000000007
15423116 19491001
8005135 19491001
1783439 19491001
72391650 1000000007
18466964 19491001
6875134 19260817
40621446 1000000009
140234606 998244353
11433980 19491001
18021167 19491001
178122055 1000000007
82580992 1000000007
18843705 19260817
559067262 1000000007
327076992 1000000007
147932280 998244353
368629178 1000000009
25310100 998244353
442687 19260817
67513005 998244353
15969052 1000000007
17271032 19260817
15390531 19260817
571705112 998244353
2501958 1000000007
10156920 19491001
7997165 19491001
13731976 19491001
208469844 1000000007
341180000 998244353
220702140 998244353
47788900 998244353
17041829 1000000009
475402209 1000000009
65375318 1000000007
14661550 19491001
16650010 19491001
236573516 1000000007
15404225 19491001
326515469 1000000007
4098339 19260817
318390562 1000000007
8030016 1000000009
789847250 998244353
11598234 19491001
13147164 19491001
47761186 1000000009
103230800 1000000009
1826429 19491001
448730225 1000000007
102531184 998244353
3211138 998244353
167481960 1000000007
11009362 998244353
29440379 1000000009
417480 19491001
11415295 19260817
156357792 1000000009
196393072 1000000007
65978265 1000000007
13299221 19491001
710180091 998244353
564346932 998244353
217362208 1000000007
9112383 19491001
97301248 1000000007
417366 19491001
46338138 1000000007
93385760 998244353
56289611 998244353
258367242 998244353
477412984 1000000007
327643910 998244353
140609272 998244353
9517654 19491001
321784034 1000000009
76878945 998244353
5437372 19260817
678139889 1000000009
1451501 19260817
1701180 19260817
237566925 998244353
2655518 19491001
229205431 1000000009
13978322 1000000007
11246878 19260817
374379936 1000000007
162711838 998244353
5441118 19491001
12846460 19260817
3361500 19260817
5702126 19491001
16023483 19260817
7259520 19260817
3721550 998244353
9062038 19260817
1659582 19491001
1549500 1000000007
4879656 19491001
238481712 998244353
161088642 1000000009
4917939 19260817
15078093 19260817
368295054 1000000007
17290570 19491001
650594294 998244353
109538520 1000000007
17137477 19260817
346769920 1000000007
297063728 998244353
357118167 998244353
5994357 19260817
646783 19491001
7413406 1000000009
113733296 1000000007
16061905 19260817
132855380 998244353
169725998 1000000007
88841280 1000000007
35776356 1000000009
1143184 19260817
9774617 19260817
69431008 1000000009
6934702 19491001
12892914 19491001
38570011 1000000009
82170198 1000000007
14585741 19491001
718974650 998244353
329384760 1000000007
2875686 19491001
9792012 1000000007
63390320 1000000009
14441810 19491001
1738850 1000000007
6647232 19491001
188361165 1000000009
9137396 19491001
225667351 998244353
20406654 1000000009
15847790 19491001
540722924 1000000009
13262711 19260817
10409530 19260817
16793889 19491001
433466880 998244353
13392452 19491001
300379690 1000000007
35988160 1000000009
119109648 1000000007
14142960 19260817
197789186 998244353
123249399 1000000007
83979640 998244353
2516495 19260817
269533035 1000000009
123226920 998244353
277258410 1000000007
17624412 19491001
225189920 1000000007
25273559 1000000009
347623292 1000000007
656232777 998244353
509999010 1000000009
8637192 19491001
187522854 1000000009
14901063 19491001
12763110 19491001
4000442 19260817
15961204 19260817
84037317 998244353
16585124 19491001
16336830 1000000007
79235947 1000000009
603234496 1000000007
40337045 1000000009
19381172 19491001
15998186 19491001
173306385 1000000007
9223452 19491001
263712394 1000000009
15881040 19491001
504671 19260817
444034795 998244353
92885579 998244353
644674436 1000000007
3505962 998244353
503127942 1000000009
79053682 1000000007
604130590 998244353
3750552 19260817
189701910 1000000009
12590338 998244353
5147824 19260817
503973252 1000000009
463744512 1000000007
14426100 19260817
89048532 1000000007
14759402 19260817
304401384 1000000007
542089828 1000000009
18088301 19260817
121445877 998244353
52383165 1000000009
313925785 1000000009
260954816 1000000009
3331583 19491001
16923338 19260817
483393195 1000000009
18576289 19491001
464884908 1000000007
91581000 1000000007
22751729 998244353
13363755 19260817
88581276 1000000009
2432069 19260817
906433 19260817
44930835 1000000007
147288652 1000000009
242911008 998244353
449778920 1000000007
12510824 19260817
101296548 998244353
6128124 19491001
678098880 998244353
10506903 998244353
5921245 19491001
120304935 1000000009
12854185 19491001
145770255 1000000009
8571499 19491001
59858070 998244353
10915887 998244353
484565909 998244353
7067440 19491001
18701844 19491001
9558285 1000000007
7404233 19260817
552656684 1000000009
77227176 1000000007
23470468 1000000007
55185740 1000000009
4614082 19260817
616839424 1000000007
706699026 998244353
15172245 19491001
148359640 1000000009
3014750 19491001
59466798 998244353
315114543 1000000009
54938649 1000000007
11965867 19491001
790652304 1000000009
441867360 998244353
183006317 998244353
45154540 1000000009
147636360 1000000007
319925210 998244353
18719944 19491001
29594150 1000000007
26540 1000000009
4366571 19260817
450308980 1000000009
260950627 1000000007
12300468 19260817
6125966 19260817
17686587 19260817
182479116 998244353
4577946 19491001
17745489 19260817
133547428 1000000009
452870721 1000000009
7641010 998244353
14374891 19260817
348704510 1000000009
148368564 1000000007
225257880 1000000009
320245245 1000000009
393976044 1000000007
11989110 19260817
3063914 19491001
477323368 1000000009
44073276 998244353
292617073 1000000007
263548912 1000000007
16481747 19491001
25500480 1000000009
6692560 19260817
390076596 1000000007
564040042 1000000009
3803356 19260817
18384028 19491001
4148932 19260817
525233493 1000000007
386242425 1000000009
2657051 19491001
103002372 998244353
450603744 1000000009
277263000 1000000009
277611930 1000000009
132271273 998244353
4074801 19491001
1687583 19491001
465094816 1000000007
14507141 19260817
315852025 1000000009
1948788 19491001
22190091 1000000009
2421407 19491001
1381752 19260817
113396712 1000000009
167863696 1000000009
688680 19260817
284547519 1000000007
11298137 19260817
185471 19260817
15428655 19260817
521080797 998244353
117139390 1000000007
353057032 1000000009
471063848 998244353
327156504 1000000009
7195912 19260817
11372567 19491001
126454944 1000000007
13687823 19260817
4660013 19260817
6015670 19491001
9810590 19260817
15772540 1000000007
478701923 1000000007
646973967 1000000009
244377415 1000000009
10423239 19491001
362230128 998244353
400574901 1000000007
81307224 998244353
8221093 19491001
15285569 19260817
17219240 19260817
55620815 998244353
237149640 1000000007
48978216 1000000007
633575275 998244353
12075972 19260817
12966100 19260817
103009200 1000000007
65733030 1000000009
445206138 1000000007
15254882 19491001
7120080 1000000007
40844040 1000000007
557122650 1000000007
12458595 19491001
8691531 19260817
20982894 1000000007
352795560 1000000007
86310090 1000000007
50281172 1000000009
582980373 1000000007
744490332 998244353
316398794 1000000009
308176166 998244353
283737726 1000000007
187354634 998244353
6691641 19260817
465883947 1000000007
8534238 19491001
734631776 1000000007
176536792 1000000009
24694020 1000000009
1870068 19260817
311542250 998244353
50490396 1000000009
609912711 998244353
280494280 1000000009
16714110 19491001
196545477 998244353
105965664 1000000007
791414 19491001
6371739 19491001
5990157 19260817
39143055 1000000009
273810960 1000000007
11455237 19491001
8614007 19260817
82723484 998244353
536900 19260817
7967401 19260817
293709096 1000000009
1005157 19260817
882078 19491001
710287000 998244353
4232902 19260817
6958392 19260817
4175742 19260817
4178352 19491001
5143440 19260817
153158883 1000000007
504789490 1000000009
5908807 19260817
240213085 1000000007
559971885 1000000009
3323408 19260817
286466877 1000000009
17171041 19491001
571102740 1000000009
6049586 19260817
468271350 1000000007
11291280 19491001
459941466 1000000009
374405840 998244353
585641588 998244353
268156083 1000000009
408724523 1000000009
482031394 1000000007
581636900 1000000009
12072789 19491001
150638137 1000000009
34921188 998244353
6640635 19491001
17445324 19491001
134419780 1000000009
130694672 1000000009
529181100 998244353
21746488 1000000009
13236021 19260817
402214680 1000000009
12477360 19491001
10113063 19491001
31278367 998244353
334519344 1000000009
6990295 19260817
2330871 998244353
3809046 19260817
17161819 19260817
8474345 19491001
6797231 19491001
193415688 998244353
158153622 1000000009
19593108 998244353
515592300 1000000009
36247320 998244353
6196238 19260817
297033984 998244353
14900222 998244353
8584569 19260817
137440656 1000000007
412160064 1000000009
11826213 19260817
2094891 19491001
52326540 1000000009
7293437 19491001
774002565 998244353
181444608 1000000009
114178932 998244353
283750034 1000000007
448807188 1000000009
487771614 1000000007
44335620 998244353
488396311 1000000009
6685851 19260817
36070437 998244353
2042407 19260817
307337303 1000000007
180707 19491001
342545670 998244353
359700375 1000000009
19156190 19491001
15538148 19491001
9709142 19260817
11929524 19491001
117091680 1000000007
175272328 998244353
7281362 19260817
3786809 19260817
449424 19491001
439398092 1000000007
3254030 19491001
62812205 1000000009
2908622 1000000007
13401276 19260817
57410304 1000000007
15543780 19491001
11896567 19491001
15948718 19491001
13366584 998244353
300382995 998244353
4444224 1000000009
15384967 19260817
304323320 998244353
18379787 19260817
10135047 1000000007
111055995 998244353
14582195 19260817
366362878 998244353
11715562 19260817
127283034 1000000009
82221579 998244353
80427243 998244353
11082753 1000000007
271895248 1000000009
18780659 19491001
16770952 19260817
417120200 1000000007
258285136 998244353
4081853 19260817
528487664 1000000009
14896315 19260817
56465550 1000000007
12397482 19491001
520171756 1000000007
364243752 1000000009
25702215 1000000007
3495330 19491001
342589760 1000000007
61544239 1000000009
756480 1000000007
75582360 998244353
18743206 19260817
14826710 19260817
17325657 19491001
109943011 1000000009
76656371 1000000009
784014490 998244353
12340570 19260817
12498956 19491001
398234112 1000000007
17930454 19260817
644369180 1000000007
13288247 19260817
11199904 19491001
101122560 1000000007
389676045 1000000009
8382669 19260817
18998680 19260817
292201100 1000000007
1414385 19260817
11569410 19260817
14834649 19491001
8701574 19491001
53716085 1000000007
390681921 998244353
430343835 1000000009
621454734 1000000007
6336800 1000000009
7845672 19491001
6535928 19260817
91504077 998244353
291628360 1000000007
42204540 998244353
12369487 19491001
219747605 1000000009
436851030 998244353
174524922 1000000007
2131798 19260817
32746416 1000000009
3842149 19260817
461843832 998244353
260925834 998244353
665656800 998244353
453498484 1000000009
13877378 19491001
26260067 1000000007
18236357 19491001
320641680 1000000009
241333020 1000000007
17015982 19260817
8476626 19491001
7064337 19491001
49006662 1000000009
6227288 19260817
5880117 998244353
8999442 19260817
38460820 1000000009
47800620 998244353
765468 19491001
17584128 1000000009
622756750 998244353
13755382 19491001
2979896 19491001
20419490 1000000007
47674422 1000000009
10536400 19491001
2908487 19491001
2292745 19491001
70411971 998244353
202909680 1000000009
8984540 19260817
5288400 998244353
234626963 1000000009
93190632 1000000007
84968730 1000000007
347604183 998244353
357120640 1000000009
19068328 998244353
133267284 998244353
141150350 998244353
558607478 998244353
9354347 19260817
730831634 1000000007
883419 19491001
675962226 1000000009
198061240 998244353
3367930 19491001
11518232 19491001
181497750 998244353
18874285 1000000009
2443980 1000000009
316553808 998244353
285467706 1000000009
30876556 1000000007
15058328 19491001
5358746 19260817
162025592 1000000007
106909150 1000000009
438777859 1000000009
18466239 19260817
68899688 1000000009
218953955 998244353
437709797 1000000007
18793324 998244353
428974937 998244353
30133204 998244353
613188328 998244353
552204631 1000000007
15270005 19260817
211093078 998244353
61507635 998244353
18173618 19260817
835241 19260817
9597360 19491001
135134154 998244353
18227803 1000000007
183203880 1000000007
110323322 998244353
83031585 1000000009
48705816 1000000007
433370840 998244353
150985128 1000000007
4360034 19260817
15955885 19260817
1523733 19260817
593270335 1000000007
8773208 19491001
430187124 998244353
169600976 998244353
698852928 1000000007
102974816 1000000009
183177698 1000000007
707749632 998244353
281683220 1000000009
403048425 1000000007
1919909 19491001
30379290 998244353
14067835 19491001
16949511 19491001
14153524 19491001
6836171 19491001
13032407 19260817
15064523 19491001
4871016 19260817
7661775 19260817
32161600 1000000009
413351840 1000000009
2929659 19491001
31759506 998244353
4061336 19491001
616257240 1000000009
1164504 19491001
435202882 998244353
195675129 1000000009
377433531 998244353
95565343 1000000009
19705250 1000000009
18354005 19260817
53290510 998244353
75569674 1000000009
16765407 19260817
1254855 1000000009
614178348 998244353
4847938 19491001
48468693 998244353
2367727 19260817
32408544 1000000007
28015723 1000000009
147017817 1000000007
180829163 998244353
6823146 1000000009
6024924 998244353
25943530 998244353
13773341 19491001
612981083 1000000009
395367632 1000000009
7861740 19260817
5244291 19491001
14665413 19491001
256654229 1000000007
13326986 19491001
5116548 19260817
19015200 1000000007
80946281 1000000009
14310296 19491001
965097 19491001
385850 19491001
586268403 1000000007
67746 19260817
528198516 1000000007
711433114 998244353
722451840 998244353
41536660 998244353
14520935 19491001
259357828 998244353
1573788 19260817
169450550 1000000007
170095256 998244353
99751267 1000000009
20508730 1000000009
3845733 19260817
3600170 19260817
2472249 19260817
10785336 19260817
134188020 1000000009
36185292 998244353
213658118 998244353
29114112 1000000009
169349126 998244353
2102731 19491001
761959664 1000000007
14407250 19491001
645452709 998244353
18541917 19491001
3135908 19260817
3604072 998244353
13383491 19491001
263689790 1000000009
182624780 998244353
18069458 19260817
40306920 1000000007
4830464 19491001
29271343 1000000007
9412773 19260817
212314368 998244353
663860448 1000000007
8998795 19260817
420782868 1000000007
109266088 1000000007
159872232 1000000007
17297062 19491001
25624600 1000000009
42564396 1000000007
89907020 998244353
68213590 998244353
6021356 19491001
16424628 19491001
13189832 19491001
9516000 998244353
15223225 19260817
414089313 998244353
837185384 998244353
23980088 1000000009
197430735 1000000009
8183687 19260817
11899904 19260817
192715458 998244353
10769175 19491001
52965849 998244353
11836615 19491001
179352696 998244353
341866329 998244353
554272719 1000000007
9842661 19260817
93931000 1000000007
367850952 1000000009
7131212 19491001
6836432 19260817
19379786 19491001
673825786 1000000009
738555369 998244353
6714367 19260817
320009496 1000000007
108815786 998244353
12484107 19260817
1446304 19491001
188480160 1000000009
5337462 1000000007
466400 19260817
111214334 998244353
8001632 19260817
286941548 1000000009
13906097 19260817
108037542 1000000009
269868768 1000000007
13750932 19260817
2146505 19260817
78751152 998244353
9286200 998244353
14685896 19260817
17020033 19260817
8875074 19260817
12310422 1000000009
38888710 1000000009
506778621 1000000007
69849178 998244353
36440744 1000000009
93768192 1000000007
247884862 1000000009
157148390 1000000009
316252800 1000000007
6307509 19260817
412736404 1000000009
1068507 1000000007
9095097 1000000009
16679415 19491001
5674575 19491001
759226188 998244353
277628104 1000000007
121638746 1000000009
56370622 998244353
120679906 1000000009
527419100 1000000007
6163274 19260817
6361172 19491001
15327937 19491001
210286059 1000000007
2950580 1000000007
2547263 19491001
96239616 1000000007
11806356 19260817
15268399 19491001
299130656 998244353
588483900 1000000009
17181624 19260817
7931668 19491001
264252807 1000000007
233092380 998244353
9457368 19491001
23779910 998244353
4071929 19491001
23558902 1000000007
14203947 19491001
29562625 998244353
5735845 19260817
5440205 19260817
430342656 1000000009
102128470 1000000007
15775834 19260817
140356632 998244353
239079936 1000000007
10225855 1000000007
298834217 998244353
441574400 1000000007
6969179 19491001
6556801 19260817
57649 19491001
455793840 1000000009
5818079 19260817
195288292 1000000007
250925590 998244353
13658349 19491001
12490341 19260817
13631652 19260817
272342356 1000000009
10454869 19260817
159165896 1000000007
12489995 19260817
90646261 1000000007
7482630 19491001
18516401 19491001
19439086 19491001
85880912 1000000009
53320707 1000000007
546790968 998244353
9954507 19260817
248652936 1000000007
13419126 19491001
110097820 998244353
24359855 1000000009
56653837 1000000009
453295614 1000000009
568129590 1000000009
126908517 1000000009
13989084 998244353
149693461 1000000009
4257408 19491001
260585700 998244353
468118928 1000000009
246212190 998244353
49022736 1000000007
308502594 1000000009
9960272 1000000009
191761504 1000000007
37992416 998244353
17765782 19260817
8371818 1000000007
3033636 19260817
179370768 1000000007
421270677 998244353
35155575 998244353
221251030 1000000007
112099104 1000000009
70202121 1000000009
452268081 1000000007
18593513 19260817
118419240 1000000009
52490676 1000000009
50213925 1000000009
196898634 998244353
748507235 998244353
337861907 1000000007
3264023 998244353
442663014 998244353
45532773 1000000009
8412516 19260817
131890311 1000000007
94836040 1000000007
7674798 19491001
63841674 1000000007
552722800 1000000009
18800442 19491001
174847800 1000000007
474663735 1000000009
11018946 19260817
40713325 998244353
638075052 1000000009
14752802 19260817
12228272 1000000009
104635556 1000000007
6665221 19260817
7693061 19491001
73079416 1000000007
161760610 1000000007
694862890 1000000009
116244696 998244353
1580759 19491001
85948576 1000000007
108585696 998244353
252732096 1000000009
3374279 19491001
1344471 19491001
292473828 1000000007
6700042 19260817
15736475 19260817
380958656 998244353
17088890 19491001
12443474 19260817
7024094 19260817
129272443 1000000009
357874330 1000000007
12175881 19260817
325677534 998244353
3036589 19260817
121558593 1000000009
11350846 19491001
12410994 19491001
11947718 19260817
9869401 19491001
13074476 19260817
234955995 1000000007
15229232 19491001
66269820 998244353
591546872 998244353
1880376 1000000009
291173216 1000000009
5978945 19491001
8904398 19491001
38044049 1000000007
284686191 998244353
120928616 1000000009
18284365 19260817
341224638 1000000009
9143583 19491001
1173060 1000000009
435740460 998244353
227923986 1000000009
26675282 1000000007
342928416 1000000009
195421110 1000000009
14106176 19260817
18293631 19260817
7349760 1000000009
90314840 1000000007
119693490 1000000009
199682563 998244353
65251758 1000000009
645295215 1000000007
34484700 1000000009
86319675 1000000009
4355697 19260817
509126452 998244353
15030574 19260817
11255721 19260817
219303168 1000000009
8145726 19491001
7280930 19260817
698036 19491001
286189780 1000000009
7945564 19491001
106891408 1000000009
17933917 19260817
551790798 1000000009
175443122 998244353
18844488 19491001
361942794 1000000007
263188160 998244353
47510580 1000000007
394774584 1000000009
15532542 19260817
18383957 19491001
95873184 1000000009
62441520 1000000007
375966501 1000000009
10254428 19260817
61191286 1000000009
7638270 19260817
605847089 1000000009
180549000 1000000007
195897314 1000000007
16696989 19260817
235624 19491001
16243276 19491001
58639746 1000000007
433537920 1000000009
17142940 1000000009
520608060 1000000009
129803478 1000000007
1526877 19491001
17145051 998244353
237717600 1000000007
8014538 19491001
7650115 19491001
54758880 1000000009
8138082 19491001
17349486 19491001
351206240 998244353
14431484 19260817
233017037 1000000009
101942676 998244353
6253084 19491001
7104665 19260817
1348817 19491001
614810010 1000000009
4617714 19260817
12502953 19491001
25627672 998244353
209386584 1000000007
53534272 1000000009
599760384 1000000009
3351181 19260817
75677760 1000000009
1536588 19260817
353111220 998244353
1367540 19491001
76623910 998244353
199140142 1000000009
328992300 1000000009
287740880 1000000007
491632258 1000000007
324665910 1000000009
958048 998244353
4259558 19491001
8254984 19260817
2637772 19491001
19192717 19260817
17196685 19260817
359438361 1000000009
316226144 1000000009
10696843 19491001
11257457 19491001
13398102 19491001
402804 1000000009
12508248 19491001
303082802 998244353
13376000 19491001
7539300 19260817
8521727 19260817
5178255 998244353
13112084 19491001
52560592 998244353
15626296 19491001
258285854 998244353
573377904 1000000007
43642200 1000000007
12227760 1000000009
94560723 1000000009
43602745 1000000009
1808924 19260817
18104427 19491001
12322664 19260817
18058482 998244353
109856265 998244353
663808678 998244353
345696552 1000000007
197999205 998244353
6668983 19260817
132402168 1000000007
4708422 19260817
509112648 1000000007
141858268 1000000009
5498781 19491001
512552847 998244353
671899 19260817
98951047 998244353
658922649 998244353
39118170 1000000009
2966845 19491001
54990436 998244353
71199435 998244353
667448 19491001
298876860 998244353
4263948 19260817
48251700 1000000007
5444160 998244353
43489802 998244353
388459140 1000000009
18989708 19491001
187598880 1000000007
5996392 19491001
548867216 1000000009
4977384 19260817
4034673 19491001
5258843 19260817
43207944 1000000009
138871360 1000000007
226176100 1000000007
169609 19491001
391572790 1000000009
584060706 998244353
3770673 19491001
14871687 19260817
208748174 998244353
11275882 19260817
537565310 1000000007
9137156 19260817
632650513 1000000009
10008576 998244353
330360010 1000000009
1963811 19260817
9850274 19491001
168638415 1000000007
15586352 19491001
6801092 19491001
90599080 1000000007
2200138 19260817
287281540 1000000009
12660386 19260817
275808255 1000000007
5556992 19260817
95397 19491001
295171150 998244353
26680388 998244353
6939203 19260817
8878541 19491001
4565742 19491001
18075252 19491001
3788872 19260817
15192121 19491001
9688738 1000000007
2348346 19260817
129214 19491001
1870986 19260817
369986826 1000000007
9162608 19491001
36939023 998244353
13583990 19491001
2516480 1000000007
525005000 998244353
388073246 998244353
7282958 19491001
487900270 1000000007
487746 19260817
12236454 19491001
9069602 19260817
2744274 1000000009
30977964 1000000009
19467628 19491001
17962734 19260817
730222820 1000000007
7154898 19260817
347066304 1000000007
255997796 998244353
313847008 1000000007
64128886 1000000009
171833577 1000000007
114780379 1000000009
33072065 1000000009
11038969 19491001
6564463 19260817
189598 1000000007
191016925 1000000007
23005874 1000000009
13031773 19491001
7697008 19491001
28061844 1000000007
355765500 1000000009
282044952 1000000007
731742098 1000000009
366084851 998244353
159791408 1000000009
222210054 998244353
16724684 19491001
14510263 19491001
34304244 998244353
77023842 998244353
29764962 1000000007
227432280 1000000009
123020732 998244353
25938288 1000000007
282533832 1000000007
2716199 19491001
530940764 1000000009
126796240 1000000009
10287463 19260817
10086388 19260817
7247272 19491001
2801513 19491001
654779988 1000000009
47009440 998244353
10365580 1000000007
240113566 1000000009
9352721 19260817
10116351 19260817
394323146 1000000007
582697332 998244353
157141224 1000000007
185683575 998244353
2303180 1000000009
132933000 998244353
15678089 19491001
603536406 1000000009
1305918 19260817
391242852 1000000007
6853904 19491001
44504240 1000000009
24097716 1000000009
230222736 998244353
11923922 19260817
194441214 1000000009
388991364 1000000007
101495856 1000000007
705089495 1000000009
1922915 19491001
277755894 1000000007
93877524 1000000009
304672800 998244353
125812890 1000000009
176411165 1000000007
530561304 998244353
13660801 19260817
18192820 1000000007
160874841 1000000007
3919800 19491001
12906691 1000000009
41023732 1000000009
15018845 19260817
213893232 1000000009
11995139 19260817
9322448 19260817
25819803 1000000009
139948260 1000000009
4337710 19491001
9803752 19260817
4661536 998244353
19419046 998244353
101334267 1000000007
880680 1000000009
610762347 1000000007
485296041 1000000009
10267500 19491001
15614869 19260817
3374966 19260817
123500169 1000000007
24917320 998244353
119301950 998244353
4207636 19260817
317204 19260817
5310559 19491001
316368465 998244353
63487008 1000000009
451359702 1000000009
12107071 19260817
17974759 19491001
3179544 19260817
49843376 1000000007
533814999 998244353
10511181 19260817
8251074 19260817
1926468 19491001
11132043 19491001
12050995 19260817
3284736 19491001
1748564 19260817
9549273 19260817
8479702 19491001
6409233 19491001
308285680 1000000007
39303468 1000000007
14487781 19491001
32576892 1000000009
14244639 19491001
768655272 1000000007
480098364 1000000009
1329600 1000000009
508554312 1000000007
521600534 1000000007
123000878 998244353
17874293 19491001
13732728 19260817
82805166 1000000009
165911473 1000000007
23878296 1000000007
224580180 1000000007
6770989 19491001
11582372 19491001
15589925 19260817
291026016 998244353
5233484 19491001
3830862 19491001
11643030 19491001
11876858 19260817
326163916 1000000009
440354 19491001
3682810 19260817
119803956 998244353
345121862 1000000009
74936925 1000000007
5056956 19491001
535417530 1000000007
1930618 19491001
6551193 998244353
15227664 19491001
2701440 1000000009
83787214 998244353
471402624 1000000009
464153584 1000000007
59930442 1000000007
16342841 19260817
24070473 1000000007
297543840 1000000009
10249475 19491001
16187787 19491001
8751960 1000000007
81719350 998244353
483314160 1000000007
9441055 19491001
32718530 998244353
3949648 19260817
599401554 998244353
168079170 998244353
5369973 19491001
74722497 1000000009
9333552 19260817
5634720 998244353
5027552 19260817
7380356 19491001
30299490 1000000007
3934061 19491001
10339605 19491001
6100140 19260817
5250317 19260817
80522112 1000000009
429892841 1000000007
14848910 19260817
458045347 998244353
377644264 998244353
688734096 998244353
168155595 998244353
342592418 998244353
312421098 998244353
844550226 998244353
16186778 19491001
14993437 19260817
12772904 19491001
17172325 19260817
338174732 998244353
386761606 1000000009
9092367 19491001
1786398 19491001
291944398 1000000009
13582864 19260817
12566131 19491001
307082142 1000000009
67599546 1000000009
19283264 1000000009
19203352 1000000009
7642381 19491001
7098139 19491001
717298608 1000000009
26140100 1000000009
127500464 998244353
156330117 998244353
28970928 1000000009
14610512 998244353
654471900 1000000007
18188101 19260817
757385827 1000000007
232977462 998244353
8053836 19491001
367459198 1000000007
295298304 1000000007
189158116 998244353
1072746 19260817
304791771 1000000007
197422064 1000000009
62026932 1000000007
160732856 1000000007
206679150 1000000007
87728460 1000000009
497142240 1000000007
190733763 1000000007
12033285 19491001
9504295 19491001
17353299 998244353
2023456 19491001
219728376 998244353
98213850 1000000007
201936148 1000000009
273226872 998244353
30245388 1000000007
80981758 1000000009
16851673 19491001
7786774 19260817
8723144 19491001
182354944 1000000007
738312792 1000000009
277431902 998244353
539557260 1000000009
252465244 1000000009
239406320 1000000007
649295 1000000009
13250055 19491001
816018230 1000000009
429861042 1000000007
17671072 1000000007
32826888 998244353
292985500 1000000007
1851505 19491001
412010688 1000000009
17529312 19491001
358234569 998244353
497978565 1000000007
34913100 1000000007
8564395 19260817
156795380 1000000009
254412090 998244353
7204207 19260817
103559707 1000000007
86350176 1000000007
566707716 998244353
143965888 1000000007
110942272 1000000007
405728713 998244353
5954949 19260817
18739285 19260817
14389676 19491001
1718822 19491001
6389749 19260817
150784950 1000000009
2396374 19260817
501289220 998244353
7805327 19260817
470287137 1000000007
13862226 19260817
1426020 19260817
299912823 1000000007
2985540 19260817
73814076 1000000009
10206363 19260817
317674572 1000000009
13526995 1000000007
8055949 19260817
15266833 19260817
18230851 19260817
4777792 19260817
5084860 19260817
15393396 19491001
17264823 19260817
9558453 19491001
3346877 19491001
761463995 1000000009
531649008 998244353
400661795 1000000007
36992478 1000000009
10414932 19260817
63329410 1000000007
132687828 1000000009
311761251 998244353
161250945 998244353
7776802 19491001
227859156 998244353
418716756 1000000009
652248432 1000000009
18182010 998244353
224898968 1000000009
106057578 1000000007
790874916 998244353
181732916 1000000007
169349880 1000000007
4831185 19491001
147157425 1000000007
529503684 998244353
109148546 1000000009
34085548 998244353
578322684 998244353
784135700 1000000007
17007979 19260817
9439629 19260817
152773276 1000000007
428855625 1000000009
2678297 19260817
6861400 19260817
5414310 19491001
54420214 998244353
2719622 19491001
310952054 1000000009
18421475 19491001
95036052 1000000007
73887840 998244353
16802309 19260817
1263411 998244353
1996206 19260817
1687043 19491001
544712803 998244353
19130554 19491001
110096415 1000000007
13455015 19491001
373298344 1000000007
302590224 998244353
14950073 19491001
11148094 19491001
134905656 1000000007
194615784 1000000009
141815000 1000000009
5463808 998244353
18737908 19491001
38814138 998244353
614901888 1000000007
411536075 998244353
4962446 19260817
225479630 998244353
15129303 19491001
2000939 19260817
15441264 1000000007
10884408 1000000007
19329840 19491001
298425141 998244353
4713262 19260817
7269150 19260817
235144 19260817
19189520 19491001
342866076 1000000007
1983768 19491001
10565370 19260817
6218394 19491001
4004634 1000000007
6945214 19491001
734570435 1000000007
374132166 1000000007
270023712 998244353
338701440 1000000007
6767934 19491001
595561057 1000000007
296205525 998244353
456074388 998244353
17112506 19260817
331002355 1000000009
14136704 19260817
15543088 19260817
193515684 998244353
18374481 19491001
8810557 19491001
476766129 1000000009
225867730 1000000007
7201013 19260817
9852832 19491001
2658290 19491001
6871174 1000000009
2716224 19260817
406112707 1000000007
5554268 19491001
79063621 1000000007
718704 1000000009
14906366 19260817
1107605 19491001
380201976 1000000009
105851378 1000000009
3046784 19491001
391744812 1000000009
18442251 19260817
10506672 1000000007
7549479 1000000007
1844232 1000000009
96273166 998244353
266673000 1000000009
16498238 19260817
122926800 998244353
348458362 1000000007
30741672 1000000009
65145500 998244353
84097727 1000000007
2267712 1000000007
7720611 19491001
15664769 19491001
4222155 19491001
6917930 19260817
519237630 1000000009
201267570 1000000009
17765056 19491001
15555698 19491001
127541192 1000000007
89609928 1000000007
179698 19491001
222932372 998244353
14163492 1000000009
4802364 1000000007
3662735 19491001
724070715 1000000007
12262787 19491001
195393105 998244353
49724235 998244353
41502588 998244353
8945853 1000000007
84292902 1000000009
361763423 1000000007
31752 1000000007
4454104 19260817
538860 998244353
47836080 1000000009
9470668 19260817
13463745 19260817
9301598 19260817
128010480 1000000007
2141806 19260817
173755908 998244353
631054206 998244353
202890820 998244353
352141020 1000000009
12225794 19491001
3996514 19491001
40533308 1000000009
3751528 19260817
76997088 998244353
461857347 1000000007
644681600 1000000007
16641643 1000000007
843889345 1000000009
71977528 1000000007
42026736 1000000007
219969162 998244353
4568824 19491001
96572168 1000000007
8351148 19260817
1972934 19491001
3543809 19260817
234852933 998244353
11221444 19491001
9094978 19260817
57270420 998244353
8264289 19491001
101724920 998244353
7290010 1000000009
209991066 1000000007
56070000 1000000007
8680091 19260817
38258750 998244353
9964540 19260817
232511428 998244353
62864 19260817
106140522 1000000007
15760256 19491001
218244132 1000000007
154187382 1000000007
6600420 19491001
232791540 1000000009
1469880 19260817
393125012 1000000007
32366360 1000000007
16930911 19491001
452650 19260817
13395738 19260817
19117818 19491001
7397034 19260817
10658753 19260817
2548782 998244353
10452024 19260817
18849639 19260817
20799171 1000000009
334918782 998244353
187319728 998244353
18993177 19260817
10874245 19491001
17773978 19491001
658363056 1000000007
550457700 998244353
132800850 998244353
646606350 1000000009
356656232 998244353
316929680 998244353
92641280 998244353
5219696 19260817
5817472 998244353
4199428 19491001
1356500 19491001
6918680 19260817
64837422 1000000007
6803740 19260817
106548 1000000007
21542569 998244353
9791609 19491001
15654512 19260817
308977200 998244353
577237050 1000000009
397637856 1000000009
218677375 1000000009
14582220 19491001
215820750 1000000007
1874044 1000000009
481602282 998244353
15305205 19260817
18187312 19491001
628515 19260817
12615431 19491001
32163901 1000000007
5948934 1000000009
15582276 19491001
8038920 998244353
372854404 1000000009
222190626 1000000007
4363322 19260817
8598883 19491001
2281692 1000000009
102523435 1000000007
68459424 1000000009
103549552 998244353
26349056 1000000007
200221672 998244353
148234506 998244353
383397140 998244353
192191824 998244353
29002904 998244353
596808435 1000000009
49839000 1000000007
172825640 1000000007
266946349 1000000009
6973062 19491001
645853810 1000000009
616155856 998244353
10678040 19491001
1544510 998244353
4132649 19491001
588822 19260817
36783162 998244353
96429929 1000000009
15267163 19491001
14963375 19491001
10697339 19491001
12994208 19491001
351443610 1000000007
682069316 1000000009
6007719 19491001
277795871 1000000009
13059596 19260817
15650528 19491001
64817070 1000000009
325780896 1000000009
225640770 1000000007
2051499 19491001
11743225 1000000007
4805453 19491001
278163072 1000000009
205747857 1000000007
154420049 998244353
532650888 1000000009
468697658 1000000009
6534822 19491001
8429479 19260817
467689248 1000000009
15856194 19491001
6787530 19491001
12597887 19260817
8886238 1000000009
3089809 19260817
78086862 998244353
568293024 1000000009
9828530 19260817
12628471 19491001
11194844 19260817
183884959 998244353
1549572 19260817
9181145 19260817
16510560 19491001
365305600 1000000009
259274 19260817
13711150 19260817
339249361 998244353
47953048 1000000007
245602674 998244353
620738052 998244353
154576680 998244353
154703 19491001
10984830 19260817
38439176 1000000007
414472704 1000000009
44911872 1000000007
144450258 998244353
135600199 1000000009
446878520 998244353
11229441 19260817
173861730 1000000007
17889640 19260817
60408061 998244353
11529564 19260817
188758437 1000000007
360213408 1000000007
8020220 19260817
13486984 19491001
13353938 19260817
29675506 998244353
511428054 998244353
3772282 19491001
455395717 1000000009
334603885 998244353
4270323 19491001
23857808 1000000007
46915002 998244353
15461109 19260817
17664642 19491001
18277622 19260817
19050021 19260817
473018112 1000000009
66619212 1000000007
250816256 998244353
167581260 1000000007
8888050 19260817
25587128 998244353
13871159 19260817
23226500 998244353
264559 19260817
628286448 1000000007
11052123 19491001
5668325 19260817
11184433 19491001
78957930 998244353
17243118 19260817
20025670 1000000007
88469850 1000000007
445184948 1000000009
973973 19260817
631904490 1000000007
340542550 998244353
15914148 19260817
6988150 1000000007
8753943 19491001
11281719 1000000007
63389844 1000000009
12863448 998244353
291885750 1000000009
18026789 19491001
1172208 19260817
87937434 998244353
571978498 1000000007
6079548 19491001
40430836 1000000009
37110600 1000000009
3074311 19260817
101123808 998244353
3021447 19491001
292875147 1000000009
11728796 19260817
330244092 1000000009
18618665 19260817
15238413 19491001
17867446 19260817
17020857 19491001
11877007 19260817
455414959 1000000007
864989 19491001
17709916 19491001
142798403 1000000009
1997676 1000000009
24022818 1000000009
6966248 19491001
419174575 1000000007
6079525 19260817
18556381 19491001
2958950 19260817
463115161 998244353
14588067 19260817
1748000 1000000009
12084720 1000000009
161610228 1000000007
38403431 1000000007
69209336 998244353
19041016 19260817
9747800 19491001
670557188 1000000007
227815333 1000000009
151683648 998244353
12806205 1000000009
1190795 19260817
1301468 19491001
5720160 1000000009
175332654 1000000009
15029544 19260817
36737155 998244353
11934466 19260817
567820048 998244353
4244864 19491001
23932480 998244353
7746517 19260817
332760268 1000000007
673438962 1000000009
56572928 998244353
32068367 998244353
29988000 1000000009
162494636 1000000009
491686258 1000000009
2714940 19260817
12227178 19491001
843658236 1000000007
279006390 1000000007
2361538 19260817
24872584 998244353
13201865 19260817
18809866 19491001
151038391 1000000007
239467428 1000000009
74229210 998244353
61603965 1000000007
548238920 998244353
631647666 998244353
4871695 19491001
447130740 1000000007
342794596 998244353
369581879 998244353
19260299 19491001
18537604 19260817
343504295 1000000007
272237208 1000000007
27981436 998244353
46157529 998244353
9971463 19260817
813415460 1000000009
1047121 19491001
9698127 19260817
8681830 998244353
53942728 1000000007
193646991 1000000007
7921200 1000000007
467738033 1000000009
82152072 1000000007
14098350 1000000007
22240053 1000000007
19404444 19491001
199684208 998244353
459952852 1000000007
2990508 19491001
3497276 19491001
235085500 998244353
346678764 1000000009
141781988 998244353
11295780 19491001
720614685 998244353
27550406 1000000009
239594868 1000000007
421636461 998244353
275009743 1000000007
17161920 998244353
4379565 19260817
4180694 19491001
121362120 1000000007
48425828 998244353
11579310 19260817
282143444 998244353
9801826 19491001
86787510 1000000009
27142050 998244353
18795976 19491001
562683955 998244353
1404310 19491001
709165056 1000000009
4860905 19260817
378103902 1000000009
240439590 998244353
8907665 19260817
692873248 998244353
251734285 1000000009
46156320 1000000009
8818963 19491001
420802557 1000000009
275193321 1000000007
5862677 19491001
10458052 19260817
27962000 998244353
3608965 19260817
68732274 1000000007
24551280 1000000007
70932160 998244353
12984599 19491001
8828468 19491001
7885523 19260817
836953788 998244353
100939746 1000000009
227943288 998244353
17391654 19260817
492897308 998244353
8396139 19491001
159927955 1000000009
166982382 1000000007
140111662 1000000009
7088231 19260817
76169368 1000000009
106949484 1000000007
213822222 998244353
258619806 998244353
181720698 998244353
17986803 19260817
534715128 1000000007
231364554 998244353
50861925 1000000009
9500474 19491001
4744857 19491001
7506378 19491001
12321603 19491001
18728341 19260817
17387315 19491001
10901048 19491001
47774844 998244353
5082347 19260817
8146077 1000000007
8464354 19491001
4034981 19491001
36414660 1000000007
45795662 1000000007
9284050 19260817
470915991 1000000009
26392302 1000000007
656262374 998244353
16586017 19260817
69921764 1000000009
18381495 19491001
11311496 1000000009
14466821 19260817
143696605 998244353
259052640 1000000009
175183812 1000000009
384326756 1000000007
4346975 19491001
14113252 19491001
9737013 19260817
184646700 998244353
821616905 1000000009
16788384 998244353
246735960 998244353
17881185 19491001
11876609 19491001
569949755 998244353
127722435 1000000007
411081615 1000000009
274675072 998244353
4512384 19260817
8675853 19260817
106525356 998244353
396868248 1000000007
15798208 19491001
8537760 1000000007
170851576 998244353
266416839 1000000007
16323100 19260817
332948340 998244353
8278920 998244353
237585540 998244353
233829154 1000000007
163388135 1000000007
120236244 1000000009
97007647 1000000009
97207677 1000000009
109632147 998244353
432511777 1000000009
65731080 998244353
232665950 1000000009
19172477 19260817
17030490 19491001
92846952 1000000009
253149932 1000000007
12299359 19491001
78890200 1000000009
2353680 19260817
11366152 19491001
34962516 1000000009
16985982 19491001
1191320 19491001
320326656 1000000009
1933604 1000000007
267433824 1000000007
18185143 19491001
403659846 998244353
126523312 1000000009
205271775 1000000009
2830190 19260817
6778067 19260817
95731842 998244353
17189383 19260817
9021628 19260817
10952246 19491001
134380624 1000000009
6459598 19491001
3891731 19491001
348346607 1000000007
413480052 1000000009
527710695 1000000009
26131986 1000000007
508298640 998244353
775107114 998244353
10782994 19491001
17920488 19491001
461280 19260817
349616736 998244353
15453383 19491001
3442319 19260817
9580862 19491001
2126533 19260817
135230912 1000000007
9421441 19260817
54832344 1000000007
12184699 19491001
216255408 998244353
66306240 998244353
105546231 1000000007
503403300 1000000007
1240844 19260817
5864772 19260817
109244958 1000000009
243466020 1000000009
451233684 1000000007
10979055 19260817
550718256 998244353
378980000 1000000007
1777297 19491001
300042435 1000000007
4531128 19491001
309639676 998244353
291398884 1000000009
14652498 19260817
568432704 1000000007
606772073 998244353
2551232 19260817
219608542 1000000007
475518850 1000000007
235750416 998244353
15519720 1000000007
4574587 19260817
14803887 19260817
33937602 1000000009
20159208 1000000009
247410586 998244353
18274057 19491001
106271503 998244353
10911582 19491001
66294221 998244353
32579253 1000000009
230149920 1000000007
280371840 1000000009
6012018 19260817
439559394 1000000007
51339456 998244353
81903528 1000000009
223441272 998244353
17700976 19491001
107822070 998244353
9783108 19491001
610779860 1000000007
6871278 19491001
2746498 19491001
4812358 19260817
555052608 1000000009
10991666 19260817
4859348 1000000009
4313724 19260817
8739265 19260817
255308625 998244353
8855997 19491001
565965822 1000000009
451374792 1000000007
16417650 19260817
5429420 19260817
66850816 998244353
5830435 998244353
451028806 1000000007
334784785 1000000007
204417000 1000000007
453337001 998244353
19064090 998244353
92802300 998244353
6178643 19260817
7008399 19260817
2697370 19491001
3534988 19260817
119661165 1000000009
448360966 998244353
9947645 19491001
8168004 19491001
1694711 19491001
373718400 998244353
16139438 19260817
583063488 998244353
12420320 19260817
50847500 1000000009
9980294 19491001
10954818 19491001
2455365 19491001
341282948 1000000007
18238327 19491001
375655122 1000000007
11288924 19491001
665505132 1000000009
18630577 19260817
403794200 1000000007
116396280 998244353
6452379 1000000009
148938891 998244353
71298174 1000000007
53831076 1000000007
3393719 19491001
205744998 1000000009
17738410 19260817
209592372 1000000007
64688411 1000000007
7580407 19491001
62223625 998244353
13784223 19260817
248905072 998244353
387179100 998244353
16419219 19260817
114862238 1000000009
216521104 998244353
16290202 1000000009
137335527 1000000009
36686320 998244353
552930560 998244353
15544969 19260817
209851236 1000000007
176440602 998244353
8692008 19491001
18500643 19491001
168493608 998244353
105579740 1000000009
12191783 19260817
15853131 19260817
74854668 1000000009
537354 1000000009
15059858 19491001
695488973 1000000009
244349820 1000000007
750752640 1000000009
133288860 1000000007
227791010 1000000009
12970104 998244353
139338400 1000000009
7850842 19491001
17882938 19491001
3293887 19491001
693654948 998244353
74466028 1000000009
12636528 998244353
5212784 19491001
207827286 998244353
6549076 19260817
2956970 1000000009
23304450 1000000007
99030204 1000000009
9359943 19491001
16780244 19491001
6165857 19260817
51482769 998244353
1122129 19260817
3735206 19260817
6707100 19260817
9732665 19260817
1219680 998244353
674944641 1000000007
6131013 19260817
21581910 1000000009
1065772 19491001
612725148 998244353
280749095 1000000007
70083720 1000000009
385053480 1000000009
247214292 998244353
152041230 998244353
7421112 1000000009
502629391 1000000007
290629950 1000000009
8368629 19491001
8330146 19260817
288735378 1000000009
231006245 1000000009
18923943 19491001
640435730 1000000007
125698186 1000000007
673008153 1000000007
175824110 1000000009
5357596 19491001
3454969 19260817
228777696 998244353
13959133 19491001
2750825 1000000007
14078421 19491001
13815621 19491001
119165550 998244353
121895368 998244353
3167015 1000000009
20207301 1000000009
27126632 998244353
16918959 19491001
146800066 1000000009
12513065 19491001
824582200 1000000007
18199901 19260817
119065542 998244353
48963026 1000000009
197969724 1000000009
6113525 19260817
4685260 19491001
1812680 19260817
229611473 998244353
9170588 19491001
3852259 19491001
547532292 1000000007
58879600 998244353
13478159 19491001
10544956 19260817
70849268 1000000007
573410880 1000000009
2958270 19491001
290274446 1000000007
388332893 1000000007
20809906 1000000007
563907466 1000000007
2827923 19260817
188044389 1000000007
228469344 1000000009
5148043 19491001
178065293 1000000007
14068126 19260817
367034280 998244353
15352108 19491001
237143667 1000000009
445915470 998244353
96827184 1000000009
224670600 1000000007
598088673 1000000009
541745100 1000000007
3710475 19491001
4722153 19260817
98484 19260817
84844965 998244353
139275114 1000000009
39706935 1000000007
6947968 998244353
15578780 19491001
499224979 998244353
287477920 1000000007
11255170 19260817
16606190 19491001
503755874 1000000007
201206048 1000000009
11555247 19491001
35929899 1000000009
13651171 19260817
13560841 19491001
9871422 19491001
55539210 1000000009
612850511 998244353
128726282 1000000009
32154195 1000000007
140366106 998244353
3431443 19491001
9915150 19260817
11337231 19491001
81471962 1000000009
231868120 1000000007
21034512 1000000007
229677 19260817
16245653 19260817
46302161 998244353
14697595 19491001
7506171 19491001
113064450 998244353
24026400 998244353
1503865 19260817
352642288 1000000009
3756312 998244353
14809576 19260817
620266128 998244353
303362664 1000000007
18397457 19491001
3432059 19260817
42518268 1000000007
17820826 19260817
1454151 19491001
1838419 19260817
11858297 19260817
9353401 19260817
16397523 19491001
18602905 19491001
5370687 19260817
290301371 1000000007
342782110 1000000009
275467363 1000000007
6691501 19260817
348588 19260817
200971880 998244353
51072219 1000000007
138178922 998244353
57196202 1000000009
117093366 998244353
334372452 998244353
13054280 19491001
11508236 19491001
88017360 998244353
19359675 998244353
43307168 998244353
508414104 1000000009
18441145 19260817
6499299 19260817
6581142 19491001
361027309 1000000009
188198076 1000000009
34212180 998244353
9508978 19491001
7051224 19491001
625229004 1000000007
726240618 1000000009
1815045 19260817
199790898 1000000007
140613020 1000000009
137159190 998244353
15614088 19491001
228402 19491001
51797585 1000000007
14425802 19491001
162980370 1000000007
17233063 19491001
19156066 19260817
48158189 1000000009
572073456 1000000009
18723761 19491001
10101800 19491001
260097117 998244353
707447043 998244353
9420539 19260817
11325378 19491001
6868323 19491001
371162880 998244353
446303776 998244353
12020699 19491001
15933267 1000000007
2414295 19260817
69122127 998244353
14987773 19491001
2880764 19491001
17701437 19260817
394720256 1000000007
11738820 19260817
7985383 19491001
314542550 1000000009
392990747 998244353
66535935 1000000009
14206060 19491001
265094532 1000000009
209296480 998244353
18547247 19491001
90039756 998244353
81156222 998244353
958087 19260817
174160553 1000000009
358764567 1000000007
34581128 1000000009
235033302 1000000007
54779712 1000000009
497880120 1000000009
67268022 1000000007
14065578 998244353
119777667 998244353
38561190 1000000009
19468582 19491001
37316530 1000000009
204907040 1000000009
14526020 19491001
15922276 19260817
96730872 1000000007
360762698 1000000009
388836770 998244353
13803249 19260817
17832336 19491001
6578367 19491001
422392 19491001
133727643 1000000007
87805530 1000000009
4546396 19491001
93652416 1000000007
19625880 1000000007
2835549 998244353
246909462 1000000007
8551554 19260817
520506635 1000000009
3503586 998244353
12678192 19491001
143419377 1000000009
171394464 998244353
10073937 19491001
167584120 1000000009
61415040 1000000009
17076420 998244353
4398538 19260817
45110788 1000000009
274747 19491001
98596 19491001
219696300 1000000007
52086233 998244353
89184236 1000000009
47527004 1000000009
14308608 19260817
4681098 19260817
389917275 1000000007
172323032 1000000009
640805553 1000000009
749653030 1000000009
757866132 1000000009
1976905 19491001
13788782 19260817
203588574 1000000007
10382427 19260817
8012802 19260817
11337230 19260817
336836539 998244353
3968383 19260817
13751780 19491001
99990352 1000000007
14710920 1000000007
721866 19260817
68471808 998244353
19002872 19491001
3170156 19491001
421224594 998244353
1851669 19491001
735599800 1000000009
554144740 1000000009
7529702 19260817
306466440 1000000007
251091750 1000000009
5754311 19260817
8840510 19491001
260979246 998244353
275027242 1000000007
17940386 19260817
9472933 19491001
12241360 19260817
10651366 19260817
1856669 19491001
359874784 1000000009
1148457 19491001
217492260 1000000007
21365325 1000000009
18179216 19491001
6276900 998244353
345454912 1000000009
100272 19260817
349909740 1000000009
22690800 1000000009
391781208 998244353
8908432 19491001
10918885 19491001
6822956 19491001
74725408 998244353
189397184 998244353
101626875 1000000007
49283066 1000000009
4726213 19260817
392200756 1000000007
209364940 1000000009
9448439 19491001
456727404 998244353
4902205 1000000009
194527089 1000000009
67272084 1000000007
323059797 1000000007
16567887 19260817
192448340 998244353
252632362 998244353
3144283 19491001
2463463 19491001
7855581 1000000009
181551104 1000000009
217062205 1000000007
175197648 1000000009
273364560 998244353
6453874 19491001
10520229 19491001
166660220 1000000009
160239571 998244353
2351850 19260817
14675060 19491001
18408225 19260817
1864978 19260817
320871705 1000000007
36820575 1000000007
7901051 19491001
45671894 998244353
523657078 1000000007
218997428 998244353
120515502 1000000009
397107252 1000000007
11782349 19491001
2837180 19491001
374874994 1000000009
277382175 1000000009
298713604 1000000007
4816986 19491001
40058010 1000000009
400617455 1000000009
87981036 1000000009
283311024 1000000007
69979800 998244353
9855223 19491001
134990772 1000000009
249465326 998244353
36556157 1000000009
12083991 19491001
8006095 19491001
4380372 19491001
77091204 1000000009
621452192 998244353
47355892 1000000007
13943978 19491001
303597483 998244353
592015216 1000000009
256881324 1000000007
2988768 1000000007
97503594 1000000009
14632739 19260817
254722951 998244353
9100605 19491001
44120835 998244353
9990367 19260817
13202378 19260817
16595833 1000000009
645999824 1000000007
29394750 1000000007
38624980 1000000009
15734195 19491001
2591164 1000000009
9900013 19260817
508024875 1000000009
15295644 1000000007
4651532 19260817
10297206 1000000009
44699295 998244353
17495994 19491001
314439903 998244353
8863681 19491001
5312594 19260817
5808496 19491001
7303871 19491001
3262558 19491001
566252762 1000000007
8729532 19491001
248968971 998244353
4206417 19260817
114839192 1000000007
57136668 998244353
16268528 19491001
9371142 998244353
9825675 19491001
35919476 1000000009
76598619 998244353
9990469 998244353
11280363 19491001
242359350 1000000007
1789469 19491001
39075996 998244353
4008163 19491001
269013 19260817
31048572 1000000007
547703596 998244353
7026434 19260817
39532750 1000000007
103053840 1000000009
119374479 1000000009
2112736 1000000007
15978655 19491001
11507934 1000000007
95417214 998244353
189212856 998244353
2817536 19491001
11533216 19491001
557526469 998244353
279343291 1000000009
13104000 1000000007
513765966 1000000009
9165006 19260817
37787937 1000000009
10897413 19491001
4743964 19260817
14347213 19260817
9957374 19260817
160851780 1000000007
16730706 19260817
434563816 998244353
679941197 1000000007
142577400 1000000009
46357448 1000000007
14599585 19491001
3775080 19491001
90930138 998244353
413003277 1000000007
375756420 998244353
84087588 998244353
16069010 19260817
338967148 998244353
18259862 19260817
2806378 19491001
1006959 19491001
37331352 1000000009
184196904 998244353
7729893 19260817
8988720 1000000007
791223955 1000000007
9428882 19491001
2035096 19260817
171908030 1000000007
119466747 1000000009
354802500 1000000009
16732184 19260817
5057968 1000000007
27918202 1000000007
13892246 19491001
18016776 19491001
126302242 998244353
33086880 1000000009
274766 19491001
1497539 19491001
7542854 19260817
120553804 998244353
198868000 1000000007
123133140 998244353
13095127 19260817
11396007 19260817
42696249 1000000009
7262153 998244353
177113286 998244353
4222564 19260817
199852744 998244353
443774448 998244353
113985396 1000000007
14001408 19491001
96528338 998244353
134613633 1000000007
238089710 1000000009
419053005 998244353
8046500 1000000009
523515000 1000000009
83816986 1000000007
7693203 19260817
17673570 1000000007
342360000 1000000007
13465032 19260817
302915052 1000000009
278836922 1000000009
426437674 1000000009
13179838 19491001
3268077 19491001
104361912 998244353
3284722 19260817
9990999 1000000007
77941094 1000000007
57623566 1000000009
137878110 1000000009
1756018 19491001
14997295 19491001
1293708 1000000009
16122057 19260817
2789514 19260817
122004732 998244353
3731665 19260817
122015008 1000000009
207424289 998244353
208704600 1000000009
6418995 19260817
2024790 19260817
19386996 19491001
283317510 1000000009
1804865 19260817
11491200 1000000009
84473220 1000000009
11076087 19491001
4936504 19260817
16032576 19491001
286245248 1000000007
811493 19491001
139307630 1000000007
24544000 998244353
18091562 19491001
646432379 1000000009
12892679 19260817
11714159 19491001
17790199 19260817
16324604 998244353
205006545 998244353
11182487 19491001
554232 19260817
77309499 1000000007
585156500 1000000009
431137784 998244353
278082090 1000000007
30959280 1000000009
45056704 1000000009
4210800 1000000007
1472507 19260817
93282808 998244353
95031943 998244353
98861868 1000000009
406507100 1000000007
108658855 998244353
10304600 19491001
17240041 19260817
9772583 19260817
2416545 19491001
166714938 1000000007
262707880 1000000007
117271946 1000000007
108656880 1000000009
232426980 1000000009
5307368 19260817
108929223 1000000007
124718022 1000000007
146617110 1000000009
9858017 1000000009
59591840 1000000009
578779 19260817
18123486 19260817
18650421 19491001
647981775 1000000009
146655712 1000000007
587984215 1000000009
385733060 1000000009
14798740 19491001
3210201 19260817
19230910 19260817
17926466 19491001
578204824 1000000009
3321664 998244353
548272183 1000000007
2679339 19491001
122809773 1000000009
250948 19260817
145680128 1000000009
93067936 998244353
18568479 19260817
474945320 1000000007
1097234 19491001
11278242 19260817
13022696 19491001
5678403 19260817
4187890 19260817
3884829 19260817
61722570 1000000007
525922650 998244353
8838170 19491001
16435548 19260817
11449584 19491001
22429302 1000000009
3207525 19260817
90907250 998244353
103573265 1000000009
16828544 19491001
122601990 1000000007
351203160 1000000007
297296958 1000000007
160781025 1000000009
491164672 998244353
251336634 1000000009
831457775 1000000007
205582064 1000000009
12296284 1000000007
2101630 19260817
88054160 998244353
132571520 1000000007
290356920 1000000009
120816982 1000000009
14803461 19491001
15717890 19260817
445214758 998244353
257966874 1000000009
105097176 1000000007
708775782 1000000009
7669818 998244353
107098242 1000000007
11060272 19260817
158425353 1000000009
120174550 998244353
341937630 998244353
47753636 1000000009
98330016 998244353
311185035 1000000007
9640239 19491001
12364682 998244353
85635468 1000000007
300003616 998244353
69116628 1000000009
12860339 19491001
10989168 19260817
313832376 998244353
179477760 1000000007
1745230 19491001
11479706 19260817
18097254 19491001
192710450 998244353
10970472 19260817
4524638 19260817
282189960 998244353
2496689 19491001
3138056 19491001
680095668 1000000007
13961950 19491001
2423371 19491001
65868342 998244353
1516090 19260817
6419756 1000000009
3182084 998244353
2469659 19260817
65943485 1000000009
83219864 1000000007
26795848 1000000009
659624196 1000000009
3201012 998244353
55604367 1000000007
481060 998244353
91649152 1000000009
12163691 19491001
3460889 19491001
142822791 1000000009
9597546 19260817
174822092 1000000009
162118428 1000000009
7984281 19260817
263769597 1000000007
106227555 998244353
7926560 1000000007
121018282 1000000007
11571444 19491001
272500991 998244353
151931520 1000000007
73956960 1000000009
607995755 1000000007
14223096 1000000007
6544431 19491001
774572 998244353
839048000 998244353
5706594 19491001
85883320 998244353
10751827 19260817
226578300 998244353
10861537 19491001
17638272 1000000007
6396835 19260817
13115733 19260817
609579388 1000000009
190974849 998244353
4441327 19260817
4670913 1000000007
832267926 1000000009
5286353 19491001
686426775 998244353
13205234 19260817
341797351 1000000009
16785288 1000000007
3390287 19260817
334484906 1000000009
10200996 19491001
23021966 998244353
3430674 1000000009
660017008 1000000009
57320624 998244353
188997336 998244353
16236602 19260817
158273724 1000000007
17741272 19491001
227388 19491001
620987950 1000000009
269065383 998244353
49804890 998244353
178755976 1000000009
31031936 1000000009
360840527 998244353
16413381 19260817
83289600 1000000007
211078192 1000000007
11443463 19260817
842228551 1000000009
2450485 19260817
149693440 1000000009
323896872 1000000009
12693028 19491001
264100473 1000000009
4425962 19491001
9003946 19491001
5563968 19260817
7933674 19491001
6226847 19260817
677892 19260817
615081709 1000000007
486508827 998244353
415250883 1000000007
516772716 998244353
357298149 1000000007
10017639 19260817
18217734 19491001
10569949 1000000009
115227616 1000000009
14421924 1000000007
2843102 19260817
366021390 998244353
3180243 19260817
8342238 19491001
3487620 19260817
62298603 1000000009
588536244 1000000009
15270435 998244353
555548192 998244353
112036500 1000000009
445514580 998244353
15153592 19491001
138609432 998244353
538643488 998244353
206235330 1000000009
86394616 1000000007
4409614 19491001
195823538 998244353
394914840 1000000009
629291886 1000000007
819395892 1000000007
10015413 19491001
301781000 1000000007
171478048 1000000009
286592800 1000000009
2315193 19491001
3075590 1000000009
7189882 19260817
29685888 998244353
64132614 1000000007
6260665 19260817
6331023 19260817
2849902 19260817
1904370 1000000007
6869681 19491001
10390378 19260817
2992887 19491001
5379695 19260817
115100625 998244353
18728334 19260817
212603584 998244353
14676104 19260817
8037824 19260817
7695329 19260817
288622640 1000000009
1895025 19260817
244097918 1000000007
8151580 19491001
18602277 19260817
18405199 19491001
97597305 1000000007
13170403 19260817
17188644 19491001
589393584 1000000009
196027965 998244353
4221379 19491001
128803488 1000000009
14198907 19260817
7706704 19491001
12635550 1000000009
88790944 1000000009
40643650 998244353
16039112 19491001
29703412 1000000009
384640460 998244353
128485080 998244353
12959457 19491001
485282340 1000000007
121070528 1000000007
658130 998244353
14953729 19260817
1006977 19260817
465484880 998244353
230069233 1000000009
15481935 19260817
6505689 19260817
188045200 1000000007
6163374 19260817
380022864 1000000007
1889101 19491001
345094645 1000000009
7270708 19260817
96529785 998244353
8802646 19491001
32106168 1000000009
15783045 19491001
372959474 998244353
9532964 19260817
158804924 1000000007
393531480 1000000007
107554656 1000000007
197529536 1000000007
677393472 1000000007
163394663 1000000009
13693705 19491001
398793251 998244353
170316084 998244353
32120260 998244353
7428811 19491001
252042826 1000000009
1046615 19260817
12323232 1000000007
262181956 998244353
160889861 998244353
228203927 1000000009
93325400 998244353
204952496 1000000009
6323126 19491001
69153183 1000000007
16643646 19491001
486375600 1000000007
246229308 1000000009
3243693 19260817
139394628 998244353
40037880 998244353
9960831 19491001
475420935 998244353
431576236 998244353
278229344 1000000007
491536500 998244353
267108741 998244353
36528540 1000000009
46022730 1000000009
226464420 1000000007
15722685 19491001
1322640 19260817
544229282 1000000007
44623279 1000000007
6642725 19491001
1640723 19491001
178260544 1000000009
7860255 998244353
281829119 1000000009
748259984 1000000009
82651044 1000000007
52700912 1000000009
15803377 1000000007
27195140 998244353
602743533 1000000007
576847163 1000000009
539158665 998244353
164101548 1000000007
9625401 19260817
4174742 19491001
4819942 1000000009
10253936 998244353
585790620 1000000009
21625056 1000000007
17944615 19491001
49230477 1000000007
18228540 19491001
2891610 19491001
8877424 19491001
18375891 19260817
85948056 1000000009
459570600 1000000007
10556536 19491001
179625768 1000000007
9138465 19491001
10609025 19491001
3926333 19260817
152982810 1000000007
684264152 1000000009
7418558 19491001
576750752 1000000009
16163023 19260817
265604 19491001
155067776 1000000007
5185739 19491001
48536950 1000000009
4113312 998244353
728505617 1000000007
188269431 1000000009
3393843 19260817
184419000 1000000007
116664914 998244353
546192324 1000000007
5027332 19260817
34158288 1000000007
342888 998244353
157244418 1000000007
55954044 1000000009
20545570 998244353
6391265 19491001
6184470 19260817
16410378 19260817
473548622 998244353
5460492 19491001
18474198 19491001
8502735 19260817
18087358 1000000007
11205537 19260817
4204990 19260817
45174880 1000000009
223263594 1000000009
4805161 19491001
15799500 19260817
14801952 19260817
9041516 19491001
280485800 1000000009
302335952 1000000007
294888560 1000000007
345572 19260817
390980510 1000000009
15260051 19260817
2258556 19260817
144433360 1000000007
1752013 19491001
62443206 998244353
15720961 19491001
301219022 998244353
208432196 1000000007
213936014 998244353
11158888 19260817
2381400 19260817
54783636 1000000007
274284864 1000000007
5877747 19491001
12785202 19260817
11135588 19491001
9078843 19260817
9010980 19491001
510363928 998244353
231788736 1000000009
9036383 19491001
270834399 998244353
129098268 1000000007
154195944 1000000009
32135715 1000000007
6840018 1000000009
8104225 19491001
4955729 19491001
18319477 19260817
14969636 19260817
334488 19491001
3466237 19491001
113513064 998244353
266842 998244353
9325768 19260817
46062709 998244353
25461113 998244353
269015052 1000000009
27660777 1000000007
17950980 19491001
8070184 19491001
366431550 1000000009
515250450 1000000009
108538688 998244353
424641747 1000000009
37645272 998244353
682142120 1000000007
116265996 1000000007
17317132 19260817
6084414 1000000009
7507951 19491001
24346575 1000000009
13598540 19260817
4854305 19260817
57464212 998244353
2306630 19260817
6593485 19491001
9590027 19260817
492678606 1000000007
239277584 1000000007
625830385 1000000007
98804928 1000000007
17225115 19260817
106964418 1000000009
9478578 19491001
5473066 19491001
17348623 19491001
230517654 1000000007
15910539 19491001
388373832 1000000007
3444981 19260817
122910350 998244353
11242966 19491001
300435135 998244353
11802765 19491001
455669550 1000000007
411274500 1000000009
282109101 1000000007
522198 19491001
152951860 1000000009
13715122 19260817
236570520 1000000007
11046907 19260817
325627577 1000000007
15095166 19491001
8258824 1000000007
17755654 19491001
4574866 19260817
93361672 1000000009
238324929 998244353
2066818 19491001
72594460 1000000009
60048014 1000000009
199637592 1000000007
505490216 1000000009
313842276 1000000007
197196231 1000000009
40673184 1000000007
730879240 998244353
88984030 998244353
530680370 1000000009
55149354 1000000009
2146176 19491001
68253034 1000000009
534303627 1000000007
18482492 19491001
2229544 19260817
296083996 1000000007
4082251 19260817
642855960 1000000007
204008 19260817
13402330 19260817
16363910 19491001
151248708 1000000009
2603550 1000000007
10130075 19491001
294507822 998244353
12120859 19491001
129143937 998244353
28844070 1000000007
5494465 19260817
339764040 998244353
11922084 19491001
143221298 998244353
29904767 998244353
10767075 19260817
9945591 19260817
103509868 998244353
395341830 998244353
376603902 1000000009
561086085 1000000007
6478072 19260817
141482190 1000000009
556743883 1000000009
11766332 19260817
177022400 1000000007
15415388 19491001
118516104 1000000007
27806090 998244353
9136682 19260817
206521238 998244353
108742056 1000000009
690011660 1000000007
14143463 19260817
13095861 19491001
17689063 19260817
2239255 19260817
497709040 1000000009
359266763 1000000009
670718092 1000000007
369139788 998244353
12274442 19260817
10500820 998244353
15502967 19491001
11092989 1000000009
77391798 998244353
10026221 19491001
197565212 998244353
84372079 1000000007
2705875 19260817
216565344 998244353
10787256 19260817
3132035 19491001
14872211 19260817
643581120 1000000007
550109725 1000000007
656904656 1000000007
18056828 19491001
6777495 19491001
12285533 19491001
2580032 19491001
553333044 1000000009
2941183 19260817
12949349 19260817
34052643 1000000009
107058468 1000000007
40424589 1000000007
89020864 1000000007
112222740 1000000009
188706812 998244353
191919926 1000000009
3058513 1000000009
234649194 1000000007
220906 19260817
19087763 19260817
47276830 998244353
12892101 19491001
170138745 998244353
531224148 1000000007
13618943 19491001
10152468 19491001
8284857 19491001
66982776 998244353
221094860 1000000009
12082489 19491001
670800456 1000000009
22410222 998244353
11111758 19491001
9838763 19491001
16739564 19491001
16653301 19491001
531191840 998244353
69250908 1000000007
197646162 1000000007
381946968 998244353
622945360 1000000007
221638512 998244353
265964540 998244353
384431250 1000000007
6094908 998244353
312354762 998244353
822753360 998244353
17559734 19260817
8126187 19491001
278737600 1000000009
17909273 19491001
462243750 1000000009
19032169 19491001
19116709 19260817
10710613 19491001
521744685 998244353
176157566 998244353
43933 19491001
1760670 19491001
341357244 1000000009
422461707 1000000007
104503833 1000000007
566112720 998244353
336565312 1000000009
877104 19491001
14739804 1000000007
9322768 19491001
294692073 1000000007
18471607 19491001
101665512 1000000007
6502372 1000000007
269247614 998244353
293212359 998244353
64700160 1000000009
27703646 1000000009
184833935 1000000009
6083130 19260817
198045903 998244353
174601035 1000000007
2475396 1000000007
18501574 19491001
394859241 1000000007
10451805 1000000009
263724000 1000000009
431923440 1000000007
162607137 1000000007
152235538 998244353
679506 19260817
2918124 19260817
2836792 19260817
10335487 19491001
83260412 1000000007
17389654 19491001
3305975 19491001
1426157 19491001
6130665 19491001
5292765 19260817
299584564 998244353
32697000 998244353
19237043 19260817
3784480 19260817
147298132 1000000009
7765870 19491001
12711324 19491001
619069782 1000000007
36331020 1000000009
860795 1000000007
16219229 19491001
2122232 19491001
3663081 19260817
425715988 1000000009
19288080 19491001
14571267 19260817
8229266 19260817
431616793 1000000007
3372067 19491001
61550280 998244353
5979513 19491001
99552657 1000000007
14506362 19491001
4243624 19491001
17604489 1000000009
10493527 19491001
703507956 1000000007
9262372 1000000007
358764340 1000000007
7242074 19491001
9477295 19260817
569249590 1000000009
12682148 19260817
11642160 1000000007
234476977 1000000007
9483757 19260817
16165887 19260817
299330982 1000000007
16124732 19491001
3269155 19260817
4700405 19491001
65205336 1000000007
262627074 1000000009
45387594 998244353
341293062 1000000007
17568137 19260817
18042827 19260817
10221493 19491001
336721455 1000000009
246931 19260817
138092069 1000000009
12215472 19491001
9727200 19260817
539879340 1000000009
319438972 1000000007
15408442 19260817
271159580 1000000007
2396299 19491001
259532799 998244353
14589904 19260817
54991764 1000000009
16227099 19491001
8010981 1000000007
13221438 19491001
190658488 998244353
4728749 19260817
750490044 998244353
384003360 998244353
55569717 1000000009
12390031 19491001
410073836 1000000007
29796462 1000000009
16412182 19491001
301228147 1000000007
16541949 19491001
99477100 998244353
1974107 19260817
649061232 1000000007
681988065 1000000007
7410438 19491001
152802936 998244353
53602588 1000000007
401203080 998244353
158076600 998244353
18473676 1000000007
1359712 19260817
156704140 1000000009
19533360 998244353
185606859 1000000007
10002844 19491001
4333056 19260817
55101216 1000000007
4887036 1000000007
91035040 1000000009
524807514 1000000009
576354240 1000000009
657808850 998244353
437687137 1000000007
45198623 998244353
8277912 19491001
377898307 998244353
13187788 19491001
121531002 1000000009
7388415 998244353
506783992 1000000007
41289382 1000000007
9814022 19260817
1197638 998244353
267270374 998244353
15136472 19491001
24569325 1000000007
5397664 19491001
339639813 1000000007
46683882 998244353
192933484 998244353
595740 19491001
6791882 19491001
16761602 19260817
216307416 1000000009
60483332 1000000009
17502988 1000000009
17729784 19260817
206636136 1000000009
104928978 1000000007
14965330 19260817
7265922 19260817
508219162 1000000009
13112630 19491001
7810992 1000000007
14296208 19491001
266428692 1000000009
316717650 1000000009
218597577 998244353
472953824 1000000007
89460664 1000000009
6775104 1000000009
273867720 998244353
9096612 19491001
6939971 19260817
411844670 1000000007
166964498 1000000007
3420000 1000000007
1047844 19491001
15556175 19260817
18778820 19260817
560620480 998244353
3743025 998244353
477295094 1000000009
235559 19260817
123034560 1000000009
9945846 19260817
19332378 19491001
9316398 19260817
574021635 1000000007
78483300 1000000007
256368438 998244353
10867836 19260817
6358584 19491001
18202548 19260817
16238686 19260817
283589046 998244353
26974960 1000000009
167532620 1000000007
5911533 19491001
5966689 19491001
6897911 19491001
128173990 998244353
205067430 1000000009
14920931 19491001
655596669 1000000007
35716629 1000000007
13629895 19260817
196708122 998244353
4889892 19260817
155053810 998244353
14329952 1000000007
6665352 19491001
19131497 19260817
7368208 19491001
366089036 998244353
389856542 1000000007
4321041 19260817
141043124 1000000009
503268192 1000000009
112154280 1000000007
29274963 1000000007
221818280 1000000009
7542047 19491001
257055840 998244353
15713859 19491001
9756169 19260817
12836004 19491001
412833264 1000000009
52150768 1000000009
4676880 19491001
15768282 19260817
59004568 1000000007
9139027 19260817
504858535 998244353
29005784 1000000007
11355332 19491001
8782945 19491001
7823338 19491001
6754756 19260817
362182375 998244353
88456436 1000000009
7055470 19491001
326958122 998244353
9712615 19260817
6261460 19260817
342283704 998244353
572405603 1000000007
123133448 1000000009
2077883 19260817
39514365 1000000009
19012011 19491001
283721340 1000000007
185149152 1000000007
134547014 1000000007
6181100 19491001
518601018 998244353
120125011 998244353
440439664 1000000007
116808576 1000000009
11116481 19491001
58029243 1000000009
2515164 19491001
443555190 1000000009
715444 19260817
48491440 1000000007
2377287 998244353
527538642 1000000007
7552864 19260817
37156428 998244353
18484912 19491001
11733117 19260817
2078692 19491001
60727160 1000000007
54289653 1000000009
66694085 998244353
11832236 19260817
17129038 19491001
247038627 1000000009
78682458 1000000007
10842320 998244353
123205152 1000000007
8751200 998244353
4924 19491001
591921533 998244353
388053171 998244353
1563442 19491001
284292864 1000000007
18060131 19260817
178924276 1000000009
11070784 19260817
440419140 1000000007
5124443 19260817
118719277 1000000009
477547164 1000000007
10867012 1000000009
601532848 998244353
195621502 1000000007
10311238 19491001
296900115 1000000007
12932278 19260817
98024400 1000000009
56361432 1000000007
137170551 1000000009
138439160 1000000007
519952339 1000000009
158543544 1000000009
334141565 1000000007
5014900 19260817
53594730 998244353
15085171 19491001
110367326 998244353
18858041 19260817
173948040 1000000009
174216643 998244353
3992771 19260817
25195258 998244353
4705194 19491001
158211749 1000000007
8490303 19491001
8651596 19491001
235767570 1000000009
25521 19260817
5321093 19491001
10919502 19491001
414482690 1000000007
10421523 19491001
521341924 1000000007
11511129 19491001
1444608 998244353
73686628 998244353
13574538 19491001
1811989 19491001
1945297 19491001
18176639 19491001
41229928 998244353
3201321 19260817
214264064 1000000009
6032391 19491001
9810950 19260817
5838648 1000000009
8541657 19260817
194557792 1000000009
158117430 1000000007
65599820 1000000007
57798720 1000000009
15332759 19260817
436590753 998244353
696247812 1000000007
9746783 19491001
319682943 1000000009
11218095 19491001
14352651 19260817
8658374 1000000007
83766774 1000000009
232885425 1000000007
5344239 19260817
18464568 19260817
6127093 19260817
154143772 998244353
12136144 19491001
110982256 1000000007
69136620 1000000007
3406396 19491001
15526166 19491001
14692710 998244353
150782958 1000000009
396368028 1000000007
422817472 1000000009
76218956 998244353
971076 19491001
44927260 1000000007
4927891 19260817
8913792 1000000007
174841872 998244353
123666440 998244353
498078160 1000000009
12674350 1000000009
122498816 998244353
4345845 19260817
14038619 19491001
353413007 1000000007
317790084 1000000007
9368496 998244353
667920 1000000009
10930159 19491001
26619978 998244353
17110710 19491001
99686657 1000000007
126832908 1000000009
2273940 1000000009
365283072 1000000009
100076680 1000000007
6515833 19260817
270882408 1000000007
589515129 998244353
119448499 1000000009
239410710 1000000009
517716199 998244353
318217701 1000000007
14178510 998244353
5260884 19260817
1706100 998244353
90716928 998244353
107170720 1000000009
162182210 1000000007
19021503 19260817
560343288 998244353
684468282 1000000009
466792508 1000000009
18292101 19260817
459136818 998244353
1344455 19260817
30128998 1000000009
1111305 1000000007
1797924 19491001
2798820 19260817
2127630 19260817
3144863 19260817
42112179 1000000009
457750942 1000000009
7066824 19260817
1027575 1000000007
115038326 998244353
10421883 19491001
251373384 998244353
17268611 19260817
403850448 998244353
7312349 19260817
15288354 19491001
4660947 19260817
26627392 1000000007
39741064 1000000009
201889079 1000000007
4518445 19260817
175952023 1000000009
9981874 19260817
6519555 998244353
29385187 1000000009
125246953 1000000009
15759780 19260817
6725499 19260817
55374924 1000000009
192082680 1000000009
404385746 1000000007
7751711 19491001
18611645 19260817
185465976 1000000009
3582276 19491001
3251992 19491001
555541815 1000000009
5274518 19491001
900518 19491001
163764133 998244353
37298922 998244353
15934043 19491001
15929265 19491001
14099000 1000000009
19224324 1000000007
10492371 19491001
552814712 1000000007
268513434 1000000007
17082872 19260817
13541562 1000000007
32091090 1000000007
3907000 998244353
14764558 19260817
15962862 19260817
469531426 1000000009
24229238 998244353
157650350 1000000007
99097020 1000000009
215895240 1000000007
18135698 19260817
4416560 19260817
67007812 1000000009
85169136 1000000007
35350995 1000000007
11605049 19260817
545171001 998244353
12350283 19491001
6093859 19491001
18276330 19491001
6327052 1000000009
453709440 1000000009
541056640 1000000007
16683951 19260817
37914816 998244353
15517882 19491001
215064 19260817
268965375 1000000007
345994380 1000000007
395429918 998244353
377384920 998244353
11998753 19260817
15682048 998244353
15527921 19260817
218208276 1000000009
107172800 1000000007
18660896 19260817
6085432 19491001
13921812 19260817
643288398 1000000007
13039312 998244353
12055546 19491001
376505660 1000000007
1508112 19491001
224374304 998244353
18699576 19260817
836546430 1000000009
234333864 1000000007
719677 19260817
176992164 998244353
8369975 19260817
13790010 19491001
1576365 19260817
2005619 19260817
308418132 1000000009
10385005 19260817
6083915 19491001
13987333 19260817
44585827 998244353
471456622 1000000007
12944357 1000000007
15648768 19260817
145288444 998244353
18734616 1000000007
402541470 998244353
12659441 19491001
14274800 19491001
216054984 1000000007
13636940 19491001
237401136 1000000007
76851810 1000000009
12747937 19491001
496114375 1000000009
11929188 19491001
350837116 1000000007
78220 19491001
9386426 19491001
11799954 19491001
123678060 1000000009
19971089 1000000007
294107070 1000000009
13661371 19260817
660256095 1000000009
10803705 998244353
540191120 998244353
379615005 998244353
15032288 19260817
13701767 19491001
17765660 1000000007
33659606 998244353
550885105 998244353
743405 19260817
3543920 998244353
13679766 19260817
265515282 1000000009
30655856 1000000009
4544975 19491001
402657440 1000000009
482955703 998244353
19948482 998244353
487559640 1000000007
14555375 19491001
226108858 1000000009
15368237 19491001
12785856 19260817
15766021 19491001
474597530 1000000009
13515365 1000000007
215145905 1000000009
49803262 998244353
16717088 19491001
482947206 1000000009
14969394 19491001
420191808 1000000007
71496820 1000000009
4660752 19491001
79154601 998244353
9446036 19491001
7148792 19260817
455240716 998244353
74236515 998244353
89698000 1000000009
92140580 998244353
282310 1000000009
4389458 19260817
7573948 19260817
53968088 998244353
18682103 19260817
9559084 19491001
269967587 1000000007
5365276 1000000009
423262 998244353
6771117 19260817
60181380 998244353
402842364 998244353
358000460 1000000007
1068016 19491001
11005015 19260817
11480761 19491001
386919705 1000000007
13687730 19260817
127400472 1000000009
15121649 19491001
696667392 998244353
17701262 19491001
253995840 1000000009
12128943 19491001
270402516 1000000009
2761641 19260817
48304928 1000000007
4879318 19260817
43616500 1000000007
694227450 1000000007
97979700 998244353
448521962 1000000007
234156008 1000000009
4208640 19260817
312566 19260817
733447400 1000000009
166778636 1000000009
9182695 19260817
2212321 19491001
264011784 1000000009
163304448 1000000007
4701533 19260817
321135678 1000000007
129246095 1000000007
363910690 1000000009
284214420 1000000009
162128173 1000000007
5825215 19260817
1161124 19491001
316418792 1000000009
368133396 1000000007
346950414 998244353
6081625 19491001
387379260 1000000009
79540650 1000000009
12198913 19260817
2423702 19260817
10425187 19491001
326892360 998244353
143449875 998244353
664629630 1000000007
10726397 19260817
590611365 998244353
6077100 19491001
1119049 19260817
13002205 19491001
83156160 1000000009
127223928 1000000009
17803581 19260817
4316680 19491001
17849670 19260817
41104210 998244353
660481970 1000000007
188988228 1000000009
10564400 1000000009
348552096 1000000009
7880837 19260817
12378661 19260817
8329480 19491001
753081294 998244353
639463175 1000000009
2279713 19260817
26898690 998244353
161149736 1000000009
159215616 1000000007
54671922 998244353
106548953 1000000009
924737 19491001
121727046 1000000009
20679368 1000000007
107171268 1000000009
141474372 1000000007
1893932 19491001
12000995 19491001
17029437 19491001
657592410 998244353
314891049 998244353
84541715 1000000009
7248457 19491001
785000258 998244353
267844371 998244353
3064446 998244353
630646032 1000000007
671847948 1000000007
16679544 19260817
435529197 1000000007
336913701 1000000007
136147350 998244353
13453527 19260817
265666250 1000000009
18759449 19260817
355103792 1000000007
136736044 998244353
5908082 19491001
813691 19260817
88045342 1000000009
152747441 1000000009
7961287 19260817
12687961 19491001
14365771 19491001
45102291 1000000009
1721433 19260817
309180261 998244353
2209744 19491001
173979564 1000000007
90447126 1000000009
259455564 998244353
6815718 19260817
220273300 998244353
9115690 19491001
284466 19260817
7456830 19491001
30304754 1000000009
19422540 19491001
282494984 1000000007
12778169 19260817
15075001 19491001
582730260 1000000009
9352509 19491001
17861013 19260817
137694168 1000000007
9163087 19260817
792016 19491001
98664048 1000000007
13224679 19260817
546637312 1000000007
48931747 1000000007
14171247 19491001
12076128 19260817
443109120 1000000009
5129583 19260817
5005137 19491001
16411139 19491001
122986405 1000000009
2027685 19260817
16295518 19491001
14724955 19260817
8669228 19260817
374154907 1000000009
23564996 998244353
59753160 1000000007
9537750 998244353
403404858 1000000009
14386111 1000000007
79923983 998244353
159540777 998244353
140299439 1000000007
8021658 19260817
95911840 1000000009
118395582 1000000007
175212737 998244353
140349954 1000000009
10836538 19491001
158480805 1000000007
352557155 1000000007
129385560 1000000009
1762269 19260817
279410484 1000000009
2469657 19491001
525320222 998244353
122822154 998244353
31264980 1000000009
21758144 1000000009
17262438 19260817
267897630 998244353
5060709 19491001
134273875 1000000009
5883628 998244353
13259186 19260817
1808816 19491001
20284485 1000000007
542978613 1000000007
492884232 1000000007
15116756 19491001
140624992 998244353
392220040 1000000007
15710640 19491001
2572469 19491001
454489464 1000000009
28541802 1000000009
12795978 19491001
299703406 1000000009
368832072 998244353
5684256 19260817
80248500 1000000007
11715802 19491001
2850481 19260817
56143443 1000000007
110083292 1000000007
16037775 19260817
7671001 19491001
553768932 1000000007
14054018 19260817
13501628 1000000007
38816712 1000000007
145940064 1000000007
769263926 1000000009
255637005 998244353
392565900 1000000009
9196350 19491001
11309985 19260817
12068072 19491001
144238536 1000000009
8969821 19260817
8551825 19260817
13455677 19260817
17115778 19260817
26101872 998244353
40357478 1000000007
16840354 19260817
261531381 1000000007
557426160 998244353
379228950 1000000009
113288192 998244353
288323126 1000000007
724279080 1000000009
1845415 19260817
8927563 19491001
192539682 998244353
20409870 1000000007
11914012 19491001
389217399 998244353
264495998 1000000007
58965284 1000000007
362814452 1000000009
149994159 1000000007
17403318 1000000007
12238464 19260817
371143530 1000000007
16457658 19491001
9601979 19491001
206473968 1000000009
3363955 19491001
564140890 1000000007
608625308 1000000009
233476719 1000000007
20213952 1000000009
5290234 19491001
208978110 1000000009
391786464 1000000007
18126760 1000000007
2486177 19260817
37685022 1000000007
607498281 1000000009
7782730 1000000009
8357447 19260817
1258446 1000000009
564395692 1000000009
10966170 1000000007
204908512 998244353
14692671 19260817
192786092 1000000007
156138315 1000000007
4316825 19491001
122344290 1000000009
1466114 1000000009
153063152 998244353
39155287 998244353
260230845 998244353
18198579 19491001
1149528 19491001
196420000 998244353
445914368 998244353
591759952 1000000007
526439024 1000000007
6832139 19491001
130761873 1000000009
9867880 19491001
316669024 998244353
13207864 19491001
8861663 19260817
425367383 1000000007
14472974 19260817
346323060 1000000007
8173971 19491001
274330544 998244353
2993765 19491001
258958049 1000000009
27298990 1000000007
368074752 998244353
14845629 19260817
28800024 1000000009
599633910 1000000007
2885147 19491001
11686366 19260817
65979846 998244353
16336030 19491001
63974925 1000000007
107347178 1000000007
12800507 19491001
18238903 19491001
8007747 19260817
54343280 998244353
14106189 19491001
14185131 19491001
733371732 1000000009
3638110 19491001
620143995 1000000007
13256694 1000000007
387164260 1000000009
39086784 1000000007
829844160 998244353
8759370 19491001
7406743 19260817
146798541 1000000007
588032352 1000000009
10358267 19491001
93178491 1000000009
198480075 998244353
43878200 998244353
13836594 19260817
68667375 1000000009
330181240 1000000009
13843647 1000000007
435275622 998244353
321313465 998244353
16573164 19260817
833498 1000000009
163647628 998244353
52781354 998244353
584348028 1000000007
12288094 19260817
536031590 1000000009
482700782 1000000007
525285 19260817
11697160 19260817
5680409 19491001
161837810 998244353
324933300 998244353
57676704 1000000007
158602044 1000000007
9056487 1000000009
14987345 19491001
8348474 19491001
427953732 998244353
104002489 1000000009
765877021 1000000009
87342828 998244353
7129942 19491001
75660795 998244353
343845620 1000000009
220100004 1000000009
7818037 19260817
4446874 19260817
10239155 19491001
232373557 1000000009
307132728 1000000007
11937400 19491001
169527825 998244353
35106967 1000000009
50503642 998244353
430569929 1000000009
562819962 998244353
627184095 998244353
421058644 1000000007
63432 19260817
37753573 1000000007
687647482 998244353
308708820 1000000009
62762584 998244353
145401476 998244353
14589337 19260817
256426544 998244353
61765080 1000000009
702048290 1000000007
1269675 19491001
13479840 998244353
275865684 1000000009
3148356 19260817
1068681 19491001
8403766 19491001
561538143 1000000009
138049002 1000000007
377930569 998244353
7266967 19260817
273724752 1000000009
290514148 998244353
85928850 1000000007
27422277 1000000009
184071844 1000000007
6432586 1000000009
14338517 19491001
25737855 1000000009
449778112 1000000007
121104610 1000000007
430878368 1000000009
24802200 1000000007
423106620 1000000009
595929832 1000000009
1727058 19260817
788095028 1000000009
6412566 19260817
4724930 19491001
4393170 19491001
861922 19491001
228708586 1000000007
216537258 1000000007
58622310 1000000009
9607109 19491001
9463392 998244353
16373528 19491001
218145785 1000000007
47724480 998244353
9186800 19260817
12785138 19491001
781279 19491001
192006416 998244353
528166276 1000000009
126222732 1000000009
16249506 19260817
7421199 19491001
296034648 1000000009
450128100 1000000009
9122687 19491001
324601620 998244353
62119915 1000000009
35553162 998244353
15921617 19260817
178273056 1000000009
627110536 998244353
3116130 19260817
2881678 19491001
134808762 998244353
17772927 19260817
470405460 1000000009
7031276 19491001
477736350 1000000009
4694395 19260817
193495450 998244353
351034056 1000000007
2206230 19260817
6347818 19491001
262079699 1000000007
380219943 1000000009
1472378 19260817
7930455 19491001
7170632 19260817
14900901 19491001
13391627 19491001
50841591 1000000009
19310989 19491001
16744460 1000000007
15031589 19260817
11349956 19491001
16027609 19260817
17018900 19260817
11297901 19491001
297648036 998244353
111585240 1000000007
149495262 1000000009
174090654 1000000007
119883456 1000000007
14776320 998244353
26467398 998244353
3283261 19491001
5280075 19260817
2136248 19491001
536450922 1000000009
17329356 19491001
275659356 1000000007
417017244 1000000009
243529632 1000000009
3600741 19491001
42678168 1000000007
272687562 1000000007
3664202 1000000007
1044191 19260817
14495666 1000000007
62962569 1000000007
471249548 998244353
89390668 1000000007
804769794 1000000007
165222099 998244353
17714328 19260817
31140683 1000000007
426699672 1000000007
7203809 19260817
419843676 1000000007
123337362 1000000007
16740772 19260817
154226300 1000000007
818414 19491001
139236165 1000000009
384218598 998244353
614401851 1000000007
13975656 19491001
1411237 19260817
761487687 998244353
43101392 1000000007
210478290 1000000007
46314555 1000000007
7946257 19260817
8146114 19260817
81361232 1000000007
17087897 19491001
344992410 998244353
7359764 19260817
199738440 1000000007
11522115 19491001
12671578 19491001
243306204 1000000009
27763788 1000000009
4915754 19491001
463748841 1000000009
259654416 1000000007
6981546 19491001
18248824 19491001
6239080 19260817
209191224 1000000009
539785100 1000000009
517896848 1000000009
16945796 19491001
16005203 19491001
38407714 1000000007
5636657 19260817
4348742 19260817
13699624 19491001
6930396 1000000007
14409633 19260817
58165317 1000000009
41338560 1000000007
8841120 19260817
217600945 998244353
13180781 19260817
506941344 1000000009
3697007 19260817
292661334 998244353
4269305 19491001
88443000 998244353
505789735 1000000009
18325030 19260817
157908785 1000000007
16869097 19260817
5322951 19260817
1553541 19491001
243983652 1000000009
6598152 19260817
453806976 1000000007
371825328 1000000007
226325826 998244353
619633425 1000000007
380793 19491001
107467320 998244353
2303615 19491001
9822780 19260817
9057840 1000000009
4615451 19491001
439340580 1000000007
45948045 1000000009
191330286 998244353
675269648 998244353
23504094 1000000009
163093632 1000000009
5473349 19491001
468150480 1000000009
57864466 1000000009
158302593 1000000009
16429451 19491001
247275792 1000000009
31973927 1000000009
372804174 998244353
12225626 19491001
8808002 19491001
286346984 998244353
14557315 19260817
9861650 19260817
8301236 19260817
3411450 998244353
14930364 19491001
296869154 1000000007
424633 19491001
52878026 998244353
108440969 998244353
93484000 1000000009
8186456 19491001
24528420 1000000009
35722220 1000000009
180580494 1000000009
18310015 19260817
104730500 998244353
667704580 1000000009
2857450 19491001
68557013 1000000009
499277660 998244353
