84
0
0
1 0
1 0
0
5 2 3 0
2 6 0
4 1 7 0
2 8 1 6 4 0
6 4 2 1 5 0
9 2 0
0
5 3 6 0
8 10 7 9 6 4 2 5 0
1 2 6 11 8 4 10 9 3 13 14 0
14 3 10 0
0
0
9 13 17 3 4 0
19 7 10 12 6 15 14 18 8 17 2 11 0
0
13 3 5 6 16 21 12 17 7 18 19 9 10 8 0
17 15 0
22 6 21 20 11 8 18 4 1 10 5 19 15 7 23 13 16 3 14 12 9 17 0
20 18 21 10 0
13 19 1 18 15 8 21 17 20 6 24 9 4 10 16 12 3 5 2 11 0
22 17 21 6 12 5 3 2 0
22 21 14 8 15 5 24 0
28 24 9 22 17 6 21 2 8 23 0
27 0
30 25 11 1 16 22 7 10 13 21 6 2 12 18 9 4 29 15 26 17 20 3 19 23 0
21 26 14 2 28 19 12 15 18 13 16 11 20 6 0
11 16 5 13 20 0
27 25 19 29 20 16 10 4 32 33 14 3 30 31 28 9 11 22 24 5 8 2 6 1 18 0
1 34 25 14 33 16 3 20 19 21 4 17 15 22 24 31 29 23 7 10 26 12 0
17 27 2 19 9 13 3 30 20 23 33 32 4 34 21 11 14 35 15 16 8 1 12 5 29 0
10 34 31 6 18 16 0
20 14 29 24 22 25 13 3 16 36 21 4 1 31 23 17 12 33 9 5 15 32 27 11 34 37 35 18 2 28 8 7 0
34 15 16 31 38 37 28 25 33 22 36 20 35 29 12 19 30 14 27 4 9 3 18 24 10 21 17 11 26 32 2 13 8 6 0
30 34 7 36 3 9 15 35 12 10 4 32 1 5 19 14 37 28 31 11 18 20 23 27 22 29 38 16 33 17 8 26 6 21 25 24 2 0
36 6 26 20 33 12 15 18 8 16 3 22 35 2 25 23 11 37 29 13 28 1 7 9 4 31 17 27 21 14 39 19 30 5 38 34 32 24 0
29 32 28 6 17 35 4 11 40 33 21 22 24 12 41 36 7 8 15 2 19 14 18 10 30 27 1 20 26 39 5 38 0
14 35 3 10 21 1 39 17 25 15 31 16 8 32 6 13 7 22 36 30 4 33 18 41 24 27 2 28 40 20 42 29 9 34 37 12 0
30 13 36 17 20 11 0
8 4 26 27 6 43 11 38 28 24 17 40 9 25 10 31 20 30 36 21 13 32 29 12 14 23 2 39 33 44 16 0
38 18 35 1 12 2 4 19 36 11 17 21 32 34 41 27 33 9 6 22 5 7 26 30 15 16 8 0
4 33 11 23 34 24 45 41 31 3 42 14 40 2 18 28 44 46 43 10 35 39 6 13 21 20 25 12 5 36 30 27 0
28 45 15 21 41 43 31 29 5 36 13 7 17 8 1 39 2 9 42 3 44 19 33 18 4 14 38 0
45 22 5 13 27 47 7 11 32 33 25 40 37 26 8 39 9 17 35 41 24 21 48 15 1 2 10 0
9 0
15 49 31 24 13 0
49 35 40 1 42 41 44 5 2 34 16 4 47 19 39 3 28 12 38 24 30 9 13 18 8 11 46 50 17 31 7 25 20 36 43 14 29 37 15 22 10 32 51 27 26 0
36 37 22 1 13 9 44 6 16 17 50 30 34 7 2 29 11 35 40 15 41 8 45 43 5 3 47 10 27 20 28 51 33 48 0
25 36 20 48 53 35 46 40 13 38 47 31 7 11 22 34 10 24 26 21 32 50 12 17 23 2 30 16 18 51 15 44 14 37 1 41 28 5 43 49 9 52 4 33 8 39 6 3 29 45 27 19 42 0
1 16 15 43 27 9 34 38 23 2 20 53 51 4 0
11 4 47 44 55 14 35 31 45 42 32 34 3 43 10 28 7 29 9 25 37 54 38 17 40 1 49 13 50 5 18 46 53 24 21 39 48 15 41 22 51 52 33 6 23 27 19 16 30 26 8 20 36 2 12 0
38 8 3 7 48 25 15 5 45 27 35 36 30 13 47 55 1 54 53 2 16 32 50 26 4 31 28 19 9 42 33 23 34 14 18 17 24 41 49 44 22 21 51 46 20 12 56 52 10 6 0
13 43 45 21 14 40 9 11 0
28 21 30 48 16 44 20 27 57 14 51 12 8 56 34 39 2 24 35 50 18 37 17 26 10 42 29 19 58 49 47 38 1 36 32 4 54 46 3 40 31 33 45 23 0
32 58 19 24 37 38 11 44 49 12 28 47 59 23 35 5 21 30 8 42 10 26 2 29 39 15 55 54 6 53 34 13 18 51 40 46 52 33 0
26 9 5 49 4 54 36 27 2 29 60 22 52 31 50 1 44 48 20 41 24 35 43 32 47 19 12 55 0
61 46 57 12 31 28 10 35 52 32 22 33 34 7 49 48 9 21 1 19 43 59 45 8 14 41 51 26 6 36 25 27 39 58 42 38 50 17 29 4 53 13 55 11 54 3 23 2 30 15 47 37 20 0
58 1 38 14 46 10 40 22 48 27 20 61 24 42 39 19 59 11 37 8 17 30 49 12 34 5 36 18 0
28 46 55 37 43 44 19 4 17 59 22 39 9 32 8 7 15 25 30 41 29 45 61 50 33 57 21 56 20 38 62 48 36 35 42 11 1 26 2 0
59 61 44 56 14 39 55 22 4 48 38 49 30 62 31 17 45 46 42 5 10 11 25 57 47 13 34 40 35 9 54 26 0
32 58 65 29 23 3 1 11 51 34 38 46 14 57 60 42 26 44 20 55 5 31 64 43 30 15 0
31 46 39 15 42 21 11 41 65 34 5 60 24 8 33 1 61 43 52 13 12 20 28 51 45 47 37 56 10 63 50 48 7 26 38 19 58 35 22 40 4 3 6 64 17 14 29 9 16 55 54 0
49 46 13 43 48 28 61 45 17 18 50 36 62 11 16 7 60 47 41 32 3 1 24 29 51 40 67 54 12 5 4 9 57 6 38 59 39 42 30 33 37 22 21 23 14 44 66 56 52 10 31 55 65 63 19 8 25 58 27 20 15 26 35 53 64 2 34 0
36 45 0
60 21 41 29 30 1 2 3 11 55 62 5 20 46 19 15 34 68 12 51 26 48 66 39 65 23 24 38 36 7 63 40 17 16 43 22 47 44 53 54 13 28 31 18 10 45 33 37 57 27 8 49 9 6 42 50 25 69 58 0
70 8 50 12 30 5 7 17 37 29 11 69 60 33 20 34 43 38 44 61 13 42 31 18 16 15 2 45 51 55 1 68 46 26 52 28 27 63 66 14 6 0
61 47 46 16 11 45 3 60 59 57 24 28 0
26 49 48 57 55 69 34 2 24 4 33 17 7 52 10 53 21 44 68 23 18 27 1 45 20 66 54 32 50 8 61 15 37 42 67 28 31 63 39 36 72 5 70 30 71 25 59 29 9 11 3 22 41 47 62 51 64 40 43 6 12 56 35 60 38 65 0
27 2 46 72 51 38 44 39 52 18 13 5 4 22 64 60 30 19 32 8 40 14 43 1 68 61 48 16 37 41 59 11 20 0
38 0
75 3 21 51 20 36 53 64 44 4 37 30 23 54 24 45 32 57 62 0
46 39 53 55 36 64 19 51 37 40 58 47 44 29 62 25 4 71 5 56 74 50 45 75 9 72 27 61 52 8 21 43 20 68 6 1 10 33 11 24 60 76 31 23 38 17 7 54 0
30 35 10 58 16 53 46 51 41 23 6 9 76 27 75 28 36 77 0
22 68 21 43 44 63 0
19 6 55 36 67 39 66 62 42 4 43 10 50 57 40 21 46 65 72 35 59 11 53 47 68 41 79 3 49 18 23 13 71 20 56 22 8 31 17 64 1 15 2 63 73 32 58 52 75 74 14 51 37 44 48 60 61 27 78 5 54 12 7 25 69 9 76 29 33 77 34 24 0
24 26 21 11 59 32 29 46 68 50 36 17 25 10 61 20 53 18 77 42 57 14 78 54 60 28 71 23 8 22 56 55 2 64 79 27 66 67 19 43 41 74 38 4 12 75 69 73 52 62 30 9 44 47 3 31 76 34 58 40 65 15 45 35 48 13 37 63 72 33 16 39 70 1 6 51 5 49 0
51 57 35 32 69 7 67 6 38 61 8 49 76 1 71 40 45 55 52 66 21 53 73 50 25 13 62 34 20 79 46 63 78 56 37 43 26 27 36 30 19 33 14 0
62 79 48 58 33 11 63 22 37 81 52 71 76 77 46 21 7 23 2 1 40 6 53 69 59 31 49 34 24 16 39 60 35 36 56 64 66 38 14 51 30 25 9 29 17 26 41 65 19 4 32 13 42 55 15 28 73 78 57 27 54 18 82 44 72 47 70 0
70 53 31 33 49 74 76 20 43 61 81 83 24 51 42 16 52 14 59 9 1 60 40 15 36 57 67 28 22 27 17 38 18 41 34 37 32 7 29 0