61
0
1 0
1 2 0
3 0
0
0
5 2 0
1 3 4 5 6 0
8 0
9 8 2 5 0
1 0
2 1 9 10 6 3 4 11 0
8 2 5 12 1 0
1 13 7 8 3 0
13 0
6 13 9 11 1 8 4 7 0
0
16 2 15 8 10 3 5 13 7 6 0
0
3 13 10 2 7 18 11 19 15 8 16 9 6 1 17 4 5 0
7 9 2 17 8 12 13 10 0
3 19 1 13 14 2 17 10 18 6 9 20 7 16 12 4 15 11 21 8 5 0
11 14 18 4 6 22 16 0
3 16 8 4 12 20 7 23 17 18 10 15 19 1 21 14 13 22 11 9 6 5 0
18 4 19 23 6 22 12 21 15 10 13 14 9 20 16 7 1 17 3 5 11 0
1 3 22 8 16 9 13 17 19 25 7 5 11 0
6 21 3 24 14 15 10 22 23 25 16 19 9 2 7 20 0
13 15 20 18 12 24 2 7 25 16 3 27 19 0
1 28 21 22 25 6 18 24 15 4 13 3 8 5 2 7 26 12 17 16 14 23 19 10 20 11 9 0
15 13 18 3 20 28 22 14 7 11 12 16 10 4 6 19 5 24 0
23 5 25 7 16 4 20 6 29 22 21 14 9 10 27 2 12 17 11 19 1 0
1 26 6 15 10 3 2 11 0
17 5 22 20 11 24 0
29 32 7 27 15 20 19 0
25 30 1 20 24 15 7 19 2 22 21 10 16 33 0
27 7 25 34 1 14 2 29 6 12 28 17 23 24 22 16 5 26 8 35 11 9 18 30 4 15 3 13 21 19 32 31 0
12 4 1 18 28 0
36 1 14 22 7 6 11 16 26 0
2 7 35 11 6 15 31 28 18 29 33 14 36 24 34 8 23 13 20 25 22 19 16 9 10 1 17 26 3 4 27 5 37 0
0
29 18 8 26 40 1 22 32 13 0
31 32 17 2 0
11 36 39 2 6 3 32 14 20 37 24 18 13 31 27 16 41 38 28 4 34 22 30 12 8 35 26 0
38 20 30 14 16 25 29 17 9 23 41 34 22 10 19 18 43 15 0
15 2 44 18 33 4 41 28 31 27 39 8 6 21 32 3 35 25 23 20 34 1 30 13 17 36 12 11 42 38 22 29 0
21 36 1 34 40 6 27 4 35 28 32 13 33 7 38 30 0
32 41 38 21 22 29 2 20 40 0
15 37 0
14 6 23 24 37 16 17 41 7 27 1 2 8 39 5 43 32 20 22 47 28 4 45 3 12 40 33 36 46 48 13 18 10 15 25 42 26 44 21 29 9 30 38 31 11 34 0
29 4 31 6 12 8 14 42 46 43 2 44 34 27 26 33 35 47 13 16 15 38 37 18 17 7 0
29 22 16 50 19 4 23 7 49 18 6 28 43 41 26 44 14 21 1 39 9 15 48 32 47 42 30 11 46 8 2 35 33 20 38 34 45 5 31 27 12 37 10 25 3 0
16 45 41 27 1 20 49 2 47 32 9 44 25 48 29 11 12 30 42 23 31 10 19 18 38 28 50 6 51 40 5 43 7 3 24 14 36 22 17 37 21 46 0
20 36 12 9 38 3 25 22 48 19 50 28 10 30 33 49 46 17 45 18 1 34 47 7 52 27 32 42 16 39 26 51 43 44 4 41 6 13 14 21 5 23 2 37 0
29 27 11 43 36 21 26 12 18 46 25 37 28 1 15 3 19 10 33 5 0
14 20 9 13 34 42 27 46 37 19 11 0
49 46 18 7 50 14 10 1 44 17 38 0
52 50 44 28 12 9 11 21 31 46 20 35 34 33 24 10 53 41 27 54 37 8 19 42 15 13 47 30 5 29 25 23 26 32 56 51 39 43 6 3 14 7 18 40 2 36 16 22 55 48 45 4 1 38 17 0
52 10 17 45 12 11 54 5 41 33 21 51 16 26 1 19 35 47 22 30 44 46 0
45 8 18 46 5 12 48 28 32 55 9 11 15 42 49 43 25 50 3 23 38 1 47 41 36 58 34 16 17 40 51 56 20 21 53 22 14 10 35 54 37 29 30 39 6 2 31 4 24 0
13 4 41 31 39 10 44 29 17 26 36 48 23 0
15 52 23 18 40 36 37 51 34 19 58 11 54 49 43 24 33 56 25 22 7 9 59 16 0