10
4 3
1 2
2 3
3 4
3 3
1 2
2 3
3 1
5 6
1 3
1 4
1 5
2 3
2 4
2 5
6 5
1 2
2 3
3 1
4 5
5 6
5 0
10 9
1 2
1 3
1 4
1 5
1 6
1 7
1 8
1 9
1 10
11 11
1 2
2 3
3 4
4 5
5 6
6 7
7 8
8 9
9 10
10 11
11 1
16 24
1 2
1 5
2 3
2 6
3 4
3 7
4 8
5 6
5 9
6 7
6 10
7 8
7 11
8 12
9 10
9 13
10 11
10 14
11 12
11 15
12 16
13 14
14 15
15 16
18 17
1 2
2 3
3 4
4 5
5 1
6 7
7 8
8 9
9 10
10 11
11 12
12 13
13 14
14 15
15 16
16 17
17 18
17 72
1 9
1 10
1 11
1 12
1 13
1 14
1 15
1 16
1 17
2 9
2 10
2 11
2 12
2 13
2 14
2 15
2 16
2 17
3 9
3 10
3 11
3 12
3 13
3 14
3 15
3 16
3 17
4 9
4 10
4 11
4 12
4 13
4 14
4 15
4 16
4 17
5 9
5 10
5 11
5 12
5 13
5 14
5 15
5 16
5 17
6 9
6 10
6 11
6 12
6 13
6 14
6 15
6 16
6 17
7 9
7 10
7 11
7 12
7 13
7 14
7 15
7 16
7 17
8 9
8 10
8 11
8 12
8 13
8 14
8 15
8 16
8 17
