30 20 0
-96 -75 -74 -17 -75 -60 -98 -67 -44 -2 -3 -24 -45 -85 -48 -34 -10 -7 -34 -43 -25 -60 -44 -98 -11 -87 -57 -39 -62 -10 
8 -76 -14 -34 -53 -6 -10 -64 -39 -65 84 -37 -26 100 -36 88 -14 19 -7 -14 -44 -92 42 36 -37 48 -55 76 -65 -66 44 
34 -88 -19 -7 12 -30 -58 11 73 -20 15 67 23 44 92 -99 47 -83 -79 38 60 -79 -50 90 3 14 13 -48 11 39 -74 
-39 89 83 40 3 -8 -10 -72 -1 2 -36 65 88 -92 -51 8 10 -40 -97 -16 51 48 -40 -42 84 32 37 -51 91 69 32 
-15 -6 -10 67 -29 -32 -98 -36 16 26 77 85 -32 -57 73 84 77 -98 -83 61 60 37 55 79 -28 46 -99 31 -35 -20 24 
-32 81 12 -88 -10 -55 8 74 -50 32 68 72 11 -74 -23 -29 51 10 -35 -22 4 50 -94 -63 90 70 2 -47 52 34 -1 
-50 2 22 26 68 18 6 -78 -5 29 74 -80 -8 -90 -16 62 77 4 41 -21 72 -54 -97 100 16 -47 -86 -53 -73 60 -90 
-12 2 63 16 -24 -30 -57 16 -22 -19 -59 67 -15 -39 62 72 -49 -90 -28 56 84 -98 -11 -74 97 -25 4 -84 100 -68 73 
17 -51 30 -74 1 -67 -96 55 46 -59 36 -69 -51 68 71 30 19 23 6 14 95 82 45 -34 -12 25 84 -7 -60 -37 62 
81 12 72 -12 -22 44 34 1 -26 -95 -58 45 5 74 49 -4 35 -94 22 60 87 -68 -97 54 56 16 -1 -56 -95 61 87 
31 20 59 89 -71 8 67 -64 58 2 80 -66 65 -89 51 46 -63 90 52 51 57 -100 32 -90 -4 -71 -36 -16 31 23 69 
79 82 92 56 25 84 -98 -86 28 50 -30 98 48 -57 27 50 -13 34 65 46 -56 -11 -30 -32 86 -5 -4 62 50 97 6 
-23 84 14 81 -34 -35 -3 69 8 -5 73 49 -91 -62 -11 68 79 -99 9 50 50 37 10 85 85 60 13 -58 -44 54 -98 
-42 0 2 -97 -1 -34 -94 -83 78 -74 15 77 44 -17 87 -100 34 -48 87 24 20 -3 -31 9 38 -71 -56 43 54 98 47 
31 -51 80 88 67 -80 47 72 17 29 2 62 -37 23 -86 -49 24 1 -48 14 71 94 14 -78 -74 -59 61 -84 -1 72 -30 
-65 -67 -62 -1 -31 -6 -18 20 -35 2 59 62 46 69 -26 -30 -30 24 -76 49 36 -46 97 24 50 -51 -22 -39 -1 55 -27 
-5 45 43 -64 -94 -56 90 83 29 -93 -49 -30 -42 -3 75 57 -12 14 -90 91 24 -32 54 -74 47 58 55 85 -55 73 -45 
-94 -22 2 9 99 86 -6 16 -97 36 48 -31 32 -15 -33 -30 -54 83 2 28 83 -67 87 36 20 -14 -23 -95 59 7 73 
55 34 79 -68 -71 -30 -57 41 -15 -46 50 58 -31 -78 99 27 -91 71 24 -37 41 36 96 97 92 -29 -7 -95 -32 -24 -84 
-72 13 -100 39 -75 -40 -67 -94 -10 -19 21 36 -23 -98 93 -84 7 97 81 83 -56 25 -8 -79 44 -26 66 -69 7 76 15 
-39 44 21 29 -37 34 77 87 -86 43 -20 30 1 -16 -35 -7 -55 76 60 33 42 -58 -86 -66 15 73 -54 -67 9 1 72 
