100 50
52 51 3483
25 24 15
88 87 7932
68 67 4093
71 70 427
21 20 942
27 26 739
82 81 2280
38 37 2079
61 60 5280
90 89 219
40 39 543
55 54 4185
14 13 768
18 17 719
92 34 1370
66 65 2082
47 46 391
20 19 1700
77 76 4897
91 7 2363
16 15 1151
7 6 139
93 21 6991
35 34 590
36 35 1340
74 73 867
12 11 679
60 59 5551
33 32 126
34 33 1552
79 78 4111
30 29 2489
69 68 1419
39 38 1439
75 74 2543
13 12 130
22 21 1423
73 72 6753
42 41 288
51 50 4609
83 82 4547
10 9 269
46 45 4268
17 16 963
81 80 3788
45 44 4045
64 63 3966
3 2 13
63 62 4470
99 35 4466
78 77 1696
86 85 1914
24 23 2095
87 86 3393
23 22 233
48 47 2710
56 55 3419
89 88 1890
11 10 133
54 53 932
50 49 364
65 64 5780
70 69 6170
19 18 1030
43 42 3053
4 3 220
2 1 80
59 58 2549
31 30 1542
9 8 287
5 4 379
67 66 3946
80 79 7841
6 5 264
62 61 1475
57 56 1599
85 84 398
100 87 5702
84 83 3592
58 57 3732
29 28 180
72 71 936
97 15 3162
94 61 7845
44 43 3762
53 52 3225
41 40 1032
28 27 2083
76 75 1406
96 6 6255
26 25 2004
15 14 424
37 36 3127
98 10 2412
49 48 858
32 31 1122
95 58 9023
8 7 498
669
3165748
648
5463
2765647
3966
3431281
2549
3782136
126
8159
2060945
478035
4129
2079
3030601
2412
3215128
1151
168575
4017846
3506
3762
444
254592
141
5479
4185
2837497
4488
3113291
9272
3162
15
985744
2753699
1182
9023
4187
1542
6316
2719445
679
3384272
364
5876
1990208
219
4466
4139060
