14352 14352
28704 7176
57408 3588
114816 1794
229632 897
459264 448
918528 224
1837056 112
3674112 56
7348224 28
14696448 14
29392896 7
58785792 3
117571584 1
235143168 0
470286336 0
0
0 14352 14353 14353
0 14352 14354 14354
0 14352 14356 14356
0 14352 14360 14360
1 14336 14352 14336
0 14352 14384 14384
0 14352 14416 14416
0 14352 14480 14480
0 14352 14608 14608
0 14352 14864 14864
0 14352 15376 15376
1 12304 14352 12304
1 10256 14352 10256
1 6160 14352 6160
0 14352 30736 30736
0 14352 47120 47120
0 14352 79888 79888
0 14352 145424 145424
0 14352 276496 276496
0 14352 538640 538640
0 14352 1062928 1062928
0 14352 2111504 2111504
0 14352 4208656 4208656
0 14352 8402960 8402960
0 14352 16791568 16791568
0 14352 33568784 33568784
0 14352 67123216 67123216
0 14352 134232080 134232080
0 14352 268449808 268449808
0 14352 536885264 536885264
0 14352 1073756176 1073756176
0 14352 -2147469296 -2147469296
