30 30 200
9 18
29 13
14 18
13 8
16 8
6 11
7 10
21 11
19 6
22 26
15 3
4 6
1 19
22 14
22 23
27 25
27 13
22 9
24 8
6 19
12 11
11 9
17 18
7 18
0 6
17 6
9 11
17 6
11 6
20 8
13 13
28 9
19 2
15 26
23 4
4 26
18 4
28 6
16 3
20 6
16 18
14 18
13 18
19 2
20 26
14 22
3 7
9 26
23 22
12 27
7 18
8 18
25 18
25 3
2 24
21 13
28 10
25 18
0 23
18 4
24 26
19 2
3 25
26 2
13 8
20 6
6 29
12 15
4 14
7 13
12 29
12 16
18 4
12 9
14 8
22 21
4 21
22 5
24 6
16 26
9 17
16 14
24 18
8 18
9 0
2 10
18 20
27 23
25 2
13 2
21 28
4 22
25 2
16 6
16 8
1 4
18 0
25 2
26 21
10 3
11 2
3 1
17 2
16 26
0 6
9 10
13 11
24 3
14 10
12 29
26 13
4 3
4 11
29 12
18 13
26 6
11 21
8 11
4 14
7 26
29 26
19 2
11 18
23 6
28 8
29 6
13 13
24 3
2 13
1 5
27 10
6 28
11 11
12 25
1 25
26 0
10 21
21 14
20 10
20 3
21 25
4 2
3 15
7 2
25 6
0 21
28 3
11 3
22 16
28 25
11 13
20 6
8 11
4 11
29 9
19 2
23 26
27 6
26 5
13 3
8 0
28 11
21 9
2 13
11 14
24 26
14 7
8 10
22 9
6 14
2 4
16 18
13 18
0 18
3 13
15 3
1 2
6 8
27 13
0 5
3 10
3 8
29 29
13 13
19 2
3 14
17 6
16 2
16 6
0 13
17 6
2 22
21 6
5 2
3 14
4 8
23 6
23 3
27 20
27 15
