711564685
424885017
743858972
969688972
969688972
424885017
819128482
339225791
0
973692991
973692991
661666634
171589841
805634714
805634714
424885017
812128047
413871340
112936254
112936254
424885017
685816280
212940774
931442622
538532653
275091981
275091981
424885017
982947574
14390250
61723013
809521880
159322356
404125014
0
161861855
760581167
230620553
644960525
454544106
680026174
894717793
477292050
705843549
65920082
424885017
480110753
424885017
315316925
997149768
421583784
280955045
988432269
157796405
698900561
0
934051880
218642833
617675703
351619970
443469687
141539682
424885017
909890283
992579792
869239834
673362746
247718362
887323339
424885017
930839117
402434123
0
249349871
264497401
978796233
347873624
456703736
625645344
325072268
936621127
424885017
691955411
462602910
381639807
97345776
834305242
908128466
873630297
467156282
293776591
876133631
949158344
559908527
379628111
288139618
96969539
384171736
471013680
42673543
581591502
241727350
970459828
596450309
424885017
828629793
951481674
0
231318552
161175850
651390783
938780004
424885017
679034581
717111154
571185491
402016272
743065497
921570218
39969827
715775041
443859480
815626330
723254763
384395865
424885017
735500101
665207357
939382308
495548800
424885017
474053883
86348676
962785263
155886413
20016326
762661762
0
52817182
597186921
870239858
923660810
903743402
58780669
424885017
855452782
424885017
803032789
0
651305828
161921380
14202987
195799775
0
446227029
7914710
91097262
436160789
460001288
744857781
642606964
128562776
488816452
30435589
975688918
54784682
250587448
828596308
572869322
17852715
146732277
272530532
320778788
254703953
594118844
599698759
750970104
376425605
759062297
199809063
424885017
118620932
813242939
655960940
601020337
677519861
424885017
376288010
650515364
567188014
59773969
241277706
282756913
52614788
0
454285507
0
986761857
757125322
424885017
679723215
372449887
0
346563796
185884670
403939297
792137596
852996921
861161857
945116964
159473364
965662208
171898126
239892592
328568516
193919688
934657071
873196447
640866955
604622352
821372226
517077364
236171124
154654147
424885017
763159014
409434919
647597576
923658660
815403101
630165857
736813754
895015836
926988192
932034943
0
750951528
866624841
130429815
733014983
197268732
668001612
214024462
0
625965890
424885017
785774427
557447449
843733750
340093591
0
424885017
136410828
474049768
366801414
343822656
592405550
826436030
870282843
0
410436321
737161686
628449024
853067342
401958341
219474924
621665372
467230402
353162613
726998537
424885017
584901339
247509134
559192327
548766967
888201438
134380947
83214221
0
254400754
609603476
424885017
899463281
909363108
665708259
931810597
0
